lon	lat	pop	x_idx	y_idx
-87.7167282599	41.8230362663	0	0	0
-87.7137847796	41.8230362663	468	1	0
-87.7108412993	41.8230362663	751	2	0
-87.7078978191	41.8230362663	780	3	0
-87.7049543388	41.8230362663	539	4	0
-87.7020108586	41.8230362663	1184	5	0
-87.6990673783	41.8230362663	1249	6	0
-87.696123898	41.8230362663	585	7	0
-87.6931804178	41.8230362663	1157	8	0
-87.6902369375	41.8230362663	278	9	0
-87.6872934573	41.8230362663	757	10	0
-87.684349977	41.8230362663	102	11	0
-87.6814064967	41.8230362663	278	12	0
-87.6784630165	41.8230362663	0	13	0
-87.6755195362	41.8230362663	322	14	0
-87.672576056	41.8230362663	1028	15	0
-87.6696325757	41.8230362663	933	16	0
-87.6666890954	41.8230362663	707	17	0
-87.6637456152	41.8230362663	0	18	0
-87.6608021349	41.8230362663	0	19	0
-87.6578586547	41.8230362663	0	20	0
-87.6549151744	41.8230362663	0	21	0
-87.6519716941	41.8230362663	9	22	0
-87.6490282139	41.8230362663	0	23	0
-87.6460847336	41.8230362663	229	24	0
-87.6431412534	41.8230362663	708	25	0
-87.6401977731	41.8230362663	789	26	0
-87.6372542928	41.8230362663	291	27	0
-87.6343108126	41.8230362663	396	28	0
-87.6313673323	41.8230362663	292	29	0
-87.6284238521	41.8230362663	417	30	0
-87.6254803718	41.8230362663	299	31	0
-87.6225368915	41.8230362663	516	32	0
-87.6195934113	41.8230362663	307	33	0
-87.616649931	41.8230362663	257	34	0
-87.6137064508	41.8230362663	290	35	0
-87.6107629705	41.8230362663	658	36	0
-87.6078194902	41.8230362663	533	37	0
-87.60487601	41.8230362663	490	38	0
-87.6019325297	41.8230362663	619	39	0
-87.5989890495	41.8230362663	0	40	0
-87.7167282599	41.820842799	0	0	1
-87.7137847796	41.820842799	0	1	1
-87.7108412993	41.820842799	0	2	1
-87.7078978191	41.820842799	0	3	1
-87.7049543388	41.820842799	35	4	1
-87.7020108586	41.820842799	841	5	1
-87.6990673783	41.820842799	659	6	1
-87.696123898	41.820842799	462	7	1
-87.6931804178	41.820842799	248	8	1
-87.6902369375	41.820842799	774	9	1
-87.6872934573	41.820842799	336	10	1
-87.684349977	41.820842799	90	11	1
-87.6814064967	41.820842799	0	12	1
-87.6784630165	41.820842799	0	13	1
-87.6755195362	41.820842799	0	14	1
-87.672576056	41.820842799	0	15	1
-87.6696325757	41.820842799	3	16	1
-87.6666890954	41.820842799	0	17	1
-87.6637456152	41.820842799	0	18	1
-87.6608021349	41.820842799	0	19	1
-87.6578586547	41.820842799	0	20	1
-87.6549151744	41.820842799	0	21	1
-87.6519716941	41.820842799	0	22	1
-87.6490282139	41.820842799	0	23	1
-87.6460847336	41.820842799	0	24	1
-87.6431412534	41.820842799	0	25	1
-87.6401977731	41.820842799	74	26	1
-87.6372542928	41.820842799	36	27	1
-87.6343108126	41.820842799	0	28	1
-87.6313673323	41.820842799	5	29	1
-87.6284238521	41.820842799	335	30	1
-87.6254803718	41.820842799	15	31	1
-87.6225368915	41.820842799	83	32	1
-87.6195934113	41.820842799	379	33	1
-87.616649931	41.820842799	189	34	1
-87.6137064508	41.820842799	771	35	1
-87.6107629705	41.820842799	155	36	1
-87.6078194902	41.820842799	169	37	1
-87.60487601	41.820842799	374	38	1
-87.6019325297	41.820842799	762	39	1
-87.5989890495	41.820842799	0	40	1
-87.7167282599	41.8186493317	0	0	2
-87.7137847796	41.8186493317	0	1	2
-87.7108412993	41.8186493317	0	2	2
-87.7078978191	41.8186493317	0	3	2
-87.7049543388	41.8186493317	27	4	2
-87.7020108586	41.8186493317	775	5	2
-87.6990673783	41.8186493317	1021	6	2
-87.696123898	41.8186493317	319	7	2
-87.6931804178	41.8186493317	443	8	2
-87.6902369375	41.8186493317	759	9	2
-87.6872934573	41.8186493317	1376	10	2
-87.684349977	41.8186493317	471	11	2
-87.6814064967	41.8186493317	30	12	2
-87.6784630165	41.8186493317	0	13	2
-87.6755195362	41.8186493317	0	14	2
-87.672576056	41.8186493317	0	15	2
-87.6696325757	41.8186493317	0	16	2
-87.6666890954	41.8186493317	0	17	2
-87.6637456152	41.8186493317	0	18	2
-87.6608021349	41.8186493317	0	19	2
-87.6578586547	41.8186493317	0	20	2
-87.6549151744	41.8186493317	0	21	2
-87.6519716941	41.8186493317	0	22	2
-87.6490282139	41.8186493317	0	23	2
-87.6460847336	41.8186493317	58	24	2
-87.6431412534	41.8186493317	82	25	2
-87.6401977731	41.8186493317	218	26	2
-87.6372542928	41.8186493317	97	27	2
-87.6343108126	41.8186493317	157	28	2
-87.6313673323	41.8186493317	43	29	2
-87.6284238521	41.8186493317	0	30	2
-87.6254803718	41.8186493317	80	31	2
-87.6225368915	41.8186493317	492	32	2
-87.6195934113	41.8186493317	465	33	2
-87.616649931	41.8186493317	771	34	2
-87.6137064508	41.8186493317	167	35	2
-87.6107629705	41.8186493317	275	36	2
-87.6078194902	41.8186493317	708	37	2
-87.60487601	41.8186493317	250	38	2
-87.6019325297	41.8186493317	387	39	2
-87.5989890495	41.8186493317	17	40	2
-87.7167282599	41.8164558643	0	0	3
-87.7137847796	41.8164558643	0	1	3
-87.7108412993	41.8164558643	0	2	3
-87.7078978191	41.8164558643	0	3	3
-87.7049543388	41.8164558643	155	4	3
-87.7020108586	41.8164558643	568	5	3
-87.6990673783	41.8164558643	564	6	3
-87.696123898	41.8164558643	653	7	3
-87.6931804178	41.8164558643	704	8	3
-87.6902369375	41.8164558643	678	9	3
-87.6872934573	41.8164558643	967	10	3
-87.684349977	41.8164558643	150	11	3
-87.6814064967	41.8164558643	0	12	3
-87.6784630165	41.8164558643	0	13	3
-87.6755195362	41.8164558643	0	14	3
-87.672576056	41.8164558643	0	15	3
-87.6696325757	41.8164558643	124	16	3
-87.6666890954	41.8164558643	61	17	3
-87.6637456152	41.8164558643	0	18	3
-87.6608021349	41.8164558643	0	19	3
-87.6578586547	41.8164558643	0	20	3
-87.6549151744	41.8164558643	0	21	3
-87.6519716941	41.8164558643	0	22	3
-87.6490282139	41.8164558643	0	23	3
-87.6460847336	41.8164558643	150	24	3
-87.6431412534	41.8164558643	408	25	3
-87.6401977731	41.8164558643	381	26	3
-87.6372542928	41.8164558643	149	27	3
-87.6343108126	41.8164558643	505	28	3
-87.6313673323	41.8164558643	122	29	3
-87.6284238521	41.8164558643	0	30	3
-87.6254803718	41.8164558643	528	31	3
-87.6225368915	41.8164558643	749	32	3
-87.6195934113	41.8164558643	358	33	3
-87.616649931	41.8164558643	395	34	3
-87.6137064508	41.8164558643	458	35	3
-87.6107629705	41.8164558643	449	36	3
-87.6078194902	41.8164558643	185	37	3
-87.60487601	41.8164558643	245	38	3
-87.6019325297	41.8164558643	198	39	3
-87.5989890495	41.8164558643	456	40	3
-87.7167282599	41.814262397	8	0	4
-87.7137847796	41.814262397	5	1	4
-87.7108412993	41.814262397	505	2	4
-87.7078978191	41.814262397	348	3	4
-87.7049543388	41.814262397	408	4	4
-87.7020108586	41.814262397	414	5	4
-87.6990673783	41.814262397	542	6	4
-87.696123898	41.814262397	627	7	4
-87.6931804178	41.814262397	531	8	4
-87.6902369375	41.814262397	610	9	4
-87.6872934573	41.814262397	622	10	4
-87.684349977	41.814262397	285	11	4
-87.6814064967	41.814262397	0	12	4
-87.6784630165	41.814262397	0	13	4
-87.6755195362	41.814262397	0	14	4
-87.672576056	41.814262397	378	15	4
-87.6696325757	41.814262397	838	16	4
-87.6666890954	41.814262397	648	17	4
-87.6637456152	41.814262397	0	18	4
-87.6608021349	41.814262397	0	19	4
-87.6578586547	41.814262397	0	20	4
-87.6549151744	41.814262397	0	21	4
-87.6519716941	41.814262397	0	22	4
-87.6490282139	41.814262397	0	23	4
-87.6460847336	41.814262397	58	24	4
-87.6431412534	41.814262397	460	25	4
-87.6401977731	41.814262397	443	26	4
-87.6372542928	41.814262397	172	27	4
-87.6343108126	41.814262397	192	28	4
-87.6313673323	41.814262397	192	29	4
-87.6284238521	41.814262397	0	30	4
-87.6254803718	41.814262397	3	31	4
-87.6225368915	41.814262397	239	32	4
-87.6195934113	41.814262397	342	33	4
-87.616649931	41.814262397	270	34	4
-87.6137064508	41.814262397	225	35	4
-87.6107629705	41.814262397	26	36	4
-87.6078194902	41.814262397	25	37	4
-87.60487601	41.814262397	298	38	4
-87.6019325297	41.814262397	145	39	4
-87.5989890495	41.814262397	456	40	4
-87.7167282599	41.8120689297	15	0	5
-87.7137847796	41.8120689297	0	1	5
-87.7108412993	41.8120689297	429	2	5
-87.7078978191	41.8120689297	372	3	5
-87.7049543388	41.8120689297	264	4	5
-87.7020108586	41.8120689297	763	5	5
-87.6990673783	41.8120689297	520	6	5
-87.696123898	41.8120689297	1184	7	5
-87.6931804178	41.8120689297	1281	8	5
-87.6902369375	41.8120689297	1395	9	5
-87.6872934573	41.8120689297	1162	10	5
-87.684349977	41.8120689297	94	11	5
-87.6814064967	41.8120689297	0	12	5
-87.6784630165	41.8120689297	0	13	5
-87.6755195362	41.8120689297	0	14	5
-87.672576056	41.8120689297	685	15	5
-87.6696325757	41.8120689297	1569	16	5
-87.6666890954	41.8120689297	1116	17	5
-87.6637456152	41.8120689297	507	18	5
-87.6608021349	41.8120689297	62	19	5
-87.6578586547	41.8120689297	0	20	5
-87.6549151744	41.8120689297	0	21	5
-87.6519716941	41.8120689297	0	22	5
-87.6490282139	41.8120689297	0	23	5
-87.6460847336	41.8120689297	108	24	5
-87.6431412534	41.8120689297	337	25	5
-87.6401977731	41.8120689297	420	26	5
-87.6372542928	41.8120689297	143	27	5
-87.6343108126	41.8120689297	173	28	5
-87.6313673323	41.8120689297	99	29	5
-87.6284238521	41.8120689297	0	30	5
-87.6254803718	41.8120689297	178	31	5
-87.6225368915	41.8120689297	328	32	5
-87.6195934113	41.8120689297	314	33	5
-87.616649931	41.8120689297	492	34	5
-87.6137064508	41.8120689297	540	35	5
-87.6107629705	41.8120689297	134	36	5
-87.6078194902	41.8120689297	150	37	5
-87.60487601	41.8120689297	897	38	5
-87.6019325297	41.8120689297	229	39	5
-87.5989890495	41.8120689297	281	40	5
-87.7167282599	41.8098754623	454	0	6
-87.7137847796	41.8098754623	0	1	6
-87.7108412993	41.8098754623	699	2	6
-87.7078978191	41.8098754623	970	3	6
-87.7049543388	41.8098754623	819	4	6
-87.7020108586	41.8098754623	1331	5	6
-87.6990673783	41.8098754623	1276	6	6
-87.696123898	41.8098754623	633	7	6
-87.6931804178	41.8098754623	533	8	6
-87.6902369375	41.8098754623	679	9	6
-87.6872934573	41.8098754623	1277	10	6
-87.684349977	41.8098754623	28	11	6
-87.6814064967	41.8098754623	0	12	6
-87.6784630165	41.8098754623	0	13	6
-87.6755195362	41.8098754623	102	14	6
-87.672576056	41.8098754623	694	15	6
-87.6696325757	41.8098754623	615	16	6
-87.6666890954	41.8098754623	560	17	6
-87.6637456152	41.8098754623	39	18	6
-87.6608021349	41.8098754623	100	19	6
-87.6578586547	41.8098754623	0	20	6
-87.6549151744	41.8098754623	0	21	6
-87.6519716941	41.8098754623	0	22	6
-87.6490282139	41.8098754623	0	23	6
-87.6460847336	41.8098754623	57	24	6
-87.6431412534	41.8098754623	261	25	6
-87.6401977731	41.8098754623	341	26	6
-87.6372542928	41.8098754623	45	27	6
-87.6343108126	41.8098754623	146	28	6
-87.6313673323	41.8098754623	36	29	6
-87.6284238521	41.8098754623	33	30	6
-87.6254803718	41.8098754623	22	31	6
-87.6225368915	41.8098754623	134	32	6
-87.6195934113	41.8098754623	171	33	6
-87.616649931	41.8098754623	81	34	6
-87.6137064508	41.8098754623	287	35	6
-87.6107629705	41.8098754623	125	36	6
-87.6078194902	41.8098754623	232	37	6
-87.60487601	41.8098754623	269	38	6
-87.6019325297	41.8098754623	1460	39	6
-87.5989890495	41.8098754623	194	40	6
-87.7167282599	41.807681995	871	0	7
-87.7137847796	41.807681995	3	1	7
-87.7108412993	41.807681995	63	2	7
-87.7078978191	41.807681995	0	3	7
-87.7049543388	41.807681995	0	4	7
-87.7020108586	41.807681995	71	5	7
-87.6990673783	41.807681995	46	6	7
-87.696123898	41.807681995	12	7	7
-87.6931804178	41.807681995	110	8	7
-87.6902369375	41.807681995	432	9	7
-87.6872934573	41.807681995	567	10	7
-87.684349977	41.807681995	166	11	7
-87.6814064967	41.807681995	230	12	7
-87.6784630165	41.807681995	0	13	7
-87.6755195362	41.807681995	766	14	7
-87.672576056	41.807681995	758	15	7
-87.6696325757	41.807681995	687	16	7
-87.6666890954	41.807681995	430	17	7
-87.6637456152	41.807681995	306	18	7
-87.6608021349	41.807681995	570	19	7
-87.6578586547	41.807681995	610	20	7
-87.6549151744	41.807681995	227	21	7
-87.6519716941	41.807681995	199	22	7
-87.6490282139	41.807681995	0	23	7
-87.6460847336	41.807681995	27	24	7
-87.6431412534	41.807681995	267	25	7
-87.6401977731	41.807681995	116	26	7
-87.6372542928	41.807681995	0	27	7
-87.6343108126	41.807681995	229	28	7
-87.6313673323	41.807681995	0	29	7
-87.6284238521	41.807681995	0	30	7
-87.6254803718	41.807681995	153	31	7
-87.6225368915	41.807681995	266	32	7
-87.6195934113	41.807681995	567	33	7
-87.616649931	41.807681995	789	34	7
-87.6137064508	41.807681995	858	35	7
-87.6107629705	41.807681995	574	36	7
-87.6078194902	41.807681995	525	37	7
-87.60487601	41.807681995	831	38	7
-87.6019325297	41.807681995	403	39	7
-87.5989890495	41.807681995	794	40	7
-87.7167282599	41.8054885277	423	0	8
-87.7137847796	41.8054885277	0	1	8
-87.7108412993	41.8054885277	0	2	8
-87.7078978191	41.8054885277	0	3	8
-87.7049543388	41.8054885277	0	4	8
-87.7020108586	41.8054885277	0	5	8
-87.6990673783	41.8054885277	0	6	8
-87.696123898	41.8054885277	0	7	8
-87.6931804178	41.8054885277	0	8	8
-87.6902369375	41.8054885277	7	9	8
-87.6872934573	41.8054885277	0	10	8
-87.684349977	41.8054885277	280	11	8
-87.6814064967	41.8054885277	4	12	8
-87.6784630165	41.8054885277	0	13	8
-87.6755195362	41.8054885277	726	14	8
-87.672576056	41.8054885277	989	15	8
-87.6696325757	41.8054885277	855	16	8
-87.6666890954	41.8054885277	708	17	8
-87.6637456152	41.8054885277	533	18	8
-87.6608021349	41.8054885277	826	19	8
-87.6578586547	41.8054885277	791	20	8
-87.6549151744	41.8054885277	399	21	8
-87.6519716941	41.8054885277	0	22	8
-87.6490282139	41.8054885277	5	23	8
-87.6460847336	41.8054885277	8	24	8
-87.6431412534	41.8054885277	338	25	8
-87.6401977731	41.8054885277	124	26	8
-87.6372542928	41.8054885277	0	27	8
-87.6343108126	41.8054885277	172	28	8
-87.6313673323	41.8054885277	0	29	8
-87.6284238521	41.8054885277	0	30	8
-87.6254803718	41.8054885277	0	31	8
-87.6225368915	41.8054885277	808	32	8
-87.6195934113	41.8054885277	88	33	8
-87.616649931	41.8054885277	312	34	8
-87.6137064508	41.8054885277	506	35	8
-87.6107629705	41.8054885277	416	36	8
-87.6078194902	41.8054885277	217	37	8
-87.60487601	41.8054885277	684	38	8
-87.6019325297	41.8054885277	266	39	8
-87.5989890495	41.8054885277	128	40	8
-87.7167282599	41.8032950604	4	0	9
-87.7137847796	41.8032950604	5	1	9
-87.7108412993	41.8032950604	0	2	9
-87.7078978191	41.8032950604	0	3	9
-87.7049543388	41.8032950604	222	4	9
-87.7020108586	41.8032950604	0	5	9
-87.6990673783	41.8032950604	0	6	9
-87.696123898	41.8032950604	0	7	9
-87.6931804178	41.8032950604	0	8	9
-87.6902369375	41.8032950604	188	9	9
-87.6872934573	41.8032950604	424	10	9
-87.684349977	41.8032950604	274	11	9
-87.6814064967	41.8032950604	569	12	9
-87.6784630165	41.8032950604	494	13	9
-87.6755195362	41.8032950604	938	14	9
-87.672576056	41.8032950604	859	15	9
-87.6696325757	41.8032950604	785	16	9
-87.6666890954	41.8032950604	1016	17	9
-87.6637456152	41.8032950604	625	18	9
-87.6608021349	41.8032950604	465	19	9
-87.6578586547	41.8032950604	438	20	9
-87.6549151744	41.8032950604	383	21	9
-87.6519716941	41.8032950604	204	22	9
-87.6490282139	41.8032950604	188	23	9
-87.6460847336	41.8032950604	214	24	9
-87.6431412534	41.8032950604	213	25	9
-87.6401977731	41.8032950604	0	26	9
-87.6372542928	41.8032950604	0	27	9
-87.6343108126	41.8032950604	108	28	9
-87.6313673323	41.8032950604	6	29	9
-87.6284238521	41.8032950604	0	30	9
-87.6254803718	41.8032950604	0	31	9
-87.6225368915	41.8032950604	304	32	9
-87.6195934113	41.8032950604	260	33	9
-87.616649931	41.8032950604	362	34	9
-87.6137064508	41.8032950604	109	35	9
-87.6107629705	41.8032950604	527	36	9
-87.6078194902	41.8032950604	677	37	9
-87.60487601	41.8032950604	206	38	9
-87.6019325297	41.8032950604	330	39	9
-87.5989890495	41.8032950604	489	40	9
-87.7167282599	41.801101593	458	0	10
-87.7137847796	41.801101593	21	1	10
-87.7108412993	41.801101593	43	2	10
-87.7078978191	41.801101593	167	3	10
-87.7049543388	41.801101593	56	4	10
-87.7020108586	41.801101593	15	5	10
-87.6990673783	41.801101593	0	6	10
-87.696123898	41.801101593	333	7	10
-87.6931804178	41.801101593	584	8	10
-87.6902369375	41.801101593	423	9	10
-87.6872934573	41.801101593	404	10	10
-87.684349977	41.801101593	100	11	10
-87.6814064967	41.801101593	164	12	10
-87.6784630165	41.801101593	330	13	10
-87.6755195362	41.801101593	312	14	10
-87.672576056	41.801101593	568	15	10
-87.6696325757	41.801101593	399	16	10
-87.6666890954	41.801101593	441	17	10
-87.6637456152	41.801101593	173	18	10
-87.6608021349	41.801101593	218	19	10
-87.6578586547	41.801101593	229	20	10
-87.6549151744	41.801101593	212	21	10
-87.6519716941	41.801101593	195	22	10
-87.6490282139	41.801101593	219	23	10
-87.6460847336	41.801101593	125	24	10
-87.6431412534	41.801101593	226	25	10
-87.6401977731	41.801101593	76	26	10
-87.6372542928	41.801101593	0	27	10
-87.6343108126	41.801101593	82	28	10
-87.6313673323	41.801101593	10	29	10
-87.6284238521	41.801101593	9	30	10
-87.6254803718	41.801101593	96	31	10
-87.6225368915	41.801101593	392	32	10
-87.6195934113	41.801101593	322	33	10
-87.616649931	41.801101593	814	34	10
-87.6137064508	41.801101593	0	35	10
-87.6107629705	41.801101593	0	36	10
-87.6078194902	41.801101593	0	37	10
-87.60487601	41.801101593	309	38	10
-87.6019325297	41.801101593	817	39	10
-87.5989890495	41.801101593	935	40	10
-87.7167282599	41.7989081257	1067	0	11
-87.7137847796	41.7989081257	176	1	11
-87.7108412993	41.7989081257	649	2	11
-87.7078978191	41.7989081257	1107	3	11
-87.7049543388	41.7989081257	473	4	11
-87.7020108586	41.7989081257	1081	5	11
-87.6990673783	41.7989081257	1161	6	11
-87.696123898	41.7989081257	766	7	11
-87.6931804178	41.7989081257	742	8	11
-87.6902369375	41.7989081257	804	9	11
-87.6872934573	41.7989081257	1065	10	11
-87.684349977	41.7989081257	531	11	11
-87.6814064967	41.7989081257	77	12	11
-87.6784630165	41.7989081257	238	13	11
-87.6755195362	41.7989081257	190	14	11
-87.672576056	41.7989081257	194	15	11
-87.6696325757	41.7989081257	285	16	11
-87.6666890954	41.7989081257	449	17	11
-87.6637456152	41.7989081257	172	18	11
-87.6608021349	41.7989081257	250	19	11
-87.6578586547	41.7989081257	15	20	11
-87.6549151744	41.7989081257	168	21	11
-87.6519716941	41.7989081257	148	22	11
-87.6490282139	41.7989081257	284	23	11
-87.6460847336	41.7989081257	246	24	11
-87.6431412534	41.7989081257	124	25	11
-87.6401977731	41.7989081257	14	26	11
-87.6372542928	41.7989081257	0	27	11
-87.6343108126	41.7989081257	105	28	11
-87.6313673323	41.7989081257	174	29	11
-87.6284238521	41.7989081257	0	30	11
-87.6254803718	41.7989081257	1	31	11
-87.6225368915	41.7989081257	80	32	11
-87.6195934113	41.7989081257	0	33	11
-87.616649931	41.7989081257	0	34	11
-87.6137064508	41.7989081257	0	35	11
-87.6107629705	41.7989081257	0	36	11
-87.6078194902	41.7989081257	0	37	11
-87.60487601	41.7989081257	615	38	11
-87.6019325297	41.7989081257	330	39	11
-87.5989890495	41.7989081257	296	40	11
-87.7167282599	41.7967146584	599	0	12
-87.7137847796	41.7967146584	286	1	12
-87.7108412993	41.7967146584	158	2	12
-87.7078978191	41.7967146584	325	3	12
-87.7049543388	41.7967146584	748	4	12
-87.7020108586	41.7967146584	337	5	12
-87.6990673783	41.7967146584	785	6	12
-87.696123898	41.7967146584	536	7	12
-87.6931804178	41.7967146584	557	8	12
-87.6902369375	41.7967146584	481	9	12
-87.6872934573	41.7967146584	789	10	12
-87.684349977	41.7967146584	217	11	12
-87.6814064967	41.7967146584	32	12	12
-87.6784630165	41.7967146584	190	13	12
-87.6755195362	41.7967146584	323	14	12
-87.672576056	41.7967146584	188	15	12
-87.6696325757	41.7967146584	231	16	12
-87.6666890954	41.7967146584	315	17	12
-87.6637456152	41.7967146584	210	18	12
-87.6608021349	41.7967146584	181	19	12
-87.6578586547	41.7967146584	0	20	12
-87.6549151744	41.7967146584	103	21	12
-87.6519716941	41.7967146584	245	22	12
-87.6490282139	41.7967146584	258	23	12
-87.6460847336	41.7967146584	152	24	12
-87.6431412534	41.7967146584	190	25	12
-87.6401977731	41.7967146584	145	26	12
-87.6372542928	41.7967146584	0	27	12
-87.6343108126	41.7967146584	136	28	12
-87.6313673323	41.7967146584	156	29	12
-87.6284238521	41.7967146584	32	30	12
-87.6254803718	41.7967146584	88	31	12
-87.6225368915	41.7967146584	717	32	12
-87.6195934113	41.7967146584	435	33	12
-87.616649931	41.7967146584	325	34	12
-87.6137064508	41.7967146584	0	35	12
-87.6107629705	41.7967146584	0	36	12
-87.6078194902	41.7967146584	0	37	12
-87.60487601	41.7967146584	821	38	12
-87.6019325297	41.7967146584	776	39	12
-87.5989890495	41.7967146584	566	40	12
-87.7167282599	41.794521191	803	0	13
-87.7137847796	41.794521191	289	1	13
-87.7108412993	41.794521191	555	2	13
-87.7078978191	41.794521191	391	3	13
-87.7049543388	41.794521191	627	4	13
-87.7020108586	41.794521191	593	5	13
-87.6990673783	41.794521191	685	6	13
-87.696123898	41.794521191	365	7	13
-87.6931804178	41.794521191	601	8	13
-87.6902369375	41.794521191	496	9	13
-87.6872934573	41.794521191	354	10	13
-87.684349977	41.794521191	0	11	13
-87.6814064967	41.794521191	257	12	13
-87.6784630165	41.794521191	277	13	13
-87.6755195362	41.794521191	269	14	13
-87.672576056	41.794521191	364	15	13
-87.6696325757	41.794521191	409	16	13
-87.6666890954	41.794521191	382	17	13
-87.6637456152	41.794521191	370	18	13
-87.6608021349	41.794521191	442	19	13
-87.6578586547	41.794521191	91	20	13
-87.6549151744	41.794521191	222	21	13
-87.6519716941	41.794521191	522	22	13
-87.6490282139	41.794521191	225	23	13
-87.6460847336	41.794521191	170	24	13
-87.6431412534	41.794521191	163	25	13
-87.6401977731	41.794521191	176	26	13
-87.6372542928	41.794521191	34	27	13
-87.6343108126	41.794521191	6	28	13
-87.6313673323	41.794521191	3	29	13
-87.6284238521	41.794521191	33	30	13
-87.6254803718	41.794521191	229	31	13
-87.6225368915	41.794521191	175	32	13
-87.6195934113	41.794521191	41	33	13
-87.616649931	41.794521191	117	34	13
-87.6137064508	41.794521191	0	35	13
-87.6107629705	41.794521191	0	36	13
-87.6078194902	41.794521191	0	37	13
-87.60487601	41.794521191	0	38	13
-87.6019325297	41.794521191	0	39	13
-87.5989890495	41.794521191	253	40	13
-87.7167282599	41.7923277237	786	0	14
-87.7137847796	41.7923277237	492	1	14
-87.7108412993	41.7923277237	132	2	14
-87.7078978191	41.7923277237	446	3	14
-87.7049543388	41.7923277237	368	4	14
-87.7020108586	41.7923277237	531	5	14
-87.6990673783	41.7923277237	657	6	14
-87.696123898	41.7923277237	489	7	14
-87.6931804178	41.7923277237	339	8	14
-87.6902369375	41.7923277237	548	9	14
-87.6872934573	41.7923277237	0	10	14
-87.684349977	41.7923277237	1	11	14
-87.6814064967	41.7923277237	165	12	14
-87.6784630165	41.7923277237	180	13	14
-87.6755195362	41.7923277237	416	14	14
-87.672576056	41.7923277237	479	15	14
-87.6696325757	41.7923277237	564	16	14
-87.6666890954	41.7923277237	520	17	14
-87.6637456152	41.7923277237	410	18	14
-87.6608021349	41.7923277237	455	19	14
-87.6578586547	41.7923277237	441	20	14
-87.6549151744	41.7923277237	414	21	14
-87.6519716941	41.7923277237	381	22	14
-87.6490282139	41.7923277237	374	23	14
-87.6460847336	41.7923277237	246	24	14
-87.6431412534	41.7923277237	362	25	14
-87.6401977731	41.7923277237	36	26	14
-87.6372542928	41.7923277237	166	27	14
-87.6343108126	41.7923277237	376	28	14
-87.6313673323	41.7923277237	338	29	14
-87.6284238521	41.7923277237	226	30	14
-87.6254803718	41.7923277237	223	31	14
-87.6225368915	41.7923277237	512	32	14
-87.6195934113	41.7923277237	362	33	14
-87.616649931	41.7923277237	540	34	14
-87.6137064508	41.7923277237	0	35	14
-87.6107629705	41.7923277237	0	36	14
-87.6078194902	41.7923277237	0	37	14
-87.60487601	41.7923277237	63	38	14
-87.6019325297	41.7923277237	0	39	14
-87.5989890495	41.7923277237	831	40	14
-87.7167282599	41.7901342564	763	0	15
-87.7137847796	41.7901342564	328	1	15
-87.7108412993	41.7901342564	476	2	15
-87.7078978191	41.7901342564	486	3	15
-87.7049543388	41.7901342564	519	4	15
-87.7020108586	41.7901342564	541	5	15
-87.6990673783	41.7901342564	970	6	15
-87.696123898	41.7901342564	784	7	15
-87.6931804178	41.7901342564	1097	8	15
-87.6902369375	41.7901342564	522	9	15
-87.6872934573	41.7901342564	1066	10	15
-87.684349977	41.7901342564	375	11	15
-87.6814064967	41.7901342564	34	12	15
-87.6784630165	41.7901342564	83	13	15
-87.6755195362	41.7901342564	341	14	15
-87.672576056	41.7901342564	631	15	15
-87.6696325757	41.7901342564	471	16	15
-87.6666890954	41.7901342564	288	17	15
-87.6637456152	41.7901342564	200	18	15
-87.6608021349	41.7901342564	271	19	15
-87.6578586547	41.7901342564	277	20	15
-87.6549151744	41.7901342564	224	21	15
-87.6519716941	41.7901342564	213	22	15
-87.6490282139	41.7901342564	388	23	15
-87.6460847336	41.7901342564	197	24	15
-87.6431412534	41.7901342564	215	25	15
-87.6401977731	41.7901342564	18	26	15
-87.6372542928	41.7901342564	435	27	15
-87.6343108126	41.7901342564	96	28	15
-87.6313673323	41.7901342564	95	29	15
-87.6284238521	41.7901342564	41	30	15
-87.6254803718	41.7901342564	116	31	15
-87.6225368915	41.7901342564	475	32	15
-87.6195934113	41.7901342564	149	33	15
-87.616649931	41.7901342564	361	34	15
-87.6137064508	41.7901342564	0	35	15
-87.6107629705	41.7901342564	0	36	15
-87.6078194902	41.7901342564	2	37	15
-87.60487601	41.7901342564	0	38	15
-87.6019325297	41.7901342564	0	39	15
-87.5989890495	41.7901342564	166	40	15
-87.7167282599	41.787940789	764	0	16
-87.7137847796	41.787940789	513	1	16
-87.7108412993	41.787940789	842	2	16
-87.7078978191	41.787940789	815	3	16
-87.7049543388	41.787940789	914	4	16
-87.7020108586	41.787940789	838	5	16
-87.6990673783	41.787940789	714	6	16
-87.696123898	41.787940789	559	7	16
-87.6931804178	41.787940789	389	8	16
-87.6902369375	41.787940789	373	9	16
-87.6872934573	41.787940789	377	10	16
-87.684349977	41.787940789	156	11	16
-87.6814064967	41.787940789	91	12	16
-87.6784630165	41.787940789	0	13	16
-87.6755195362	41.787940789	36	14	16
-87.672576056	41.787940789	142	15	16
-87.6696325757	41.787940789	45	16	16
-87.6666890954	41.787940789	101	17	16
-87.6637456152	41.787940789	74	18	16
-87.6608021349	41.787940789	93	19	16
-87.6578586547	41.787940789	123	20	16
-87.6549151744	41.787940789	55	21	16
-87.6519716941	41.787940789	91	22	16
-87.6490282139	41.787940789	248	23	16
-87.6460847336	41.787940789	73	24	16
-87.6431412534	41.787940789	136	25	16
-87.6401977731	41.787940789	83	26	16
-87.6372542928	41.787940789	21	27	16
-87.6343108126	41.787940789	100	28	16
-87.6313673323	41.787940789	85	29	16
-87.6284238521	41.787940789	108	30	16
-87.6254803718	41.787940789	101	31	16
-87.6225368915	41.787940789	650	32	16
-87.6195934113	41.787940789	160	33	16
-87.616649931	41.787940789	225	34	16
-87.6137064508	41.787940789	0	35	16
-87.6107629705	41.787940789	0	36	16
-87.6078194902	41.787940789	0	37	16
-87.60487601	41.787940789	0	38	16
-87.6019325297	41.787940789	0	39	16
-87.5989890495	41.787940789	0	40	16
-87.7167282599	41.7857473217	954	0	17
-87.7137847796	41.7857473217	122	1	17
-87.7108412993	41.7857473217	801	2	17
-87.7078978191	41.7857473217	442	3	17
-87.7049543388	41.7857473217	393	4	17
-87.7020108586	41.7857473217	540	5	17
-87.6990673783	41.7857473217	589	6	17
-87.696123898	41.7857473217	535	7	17
-87.6931804178	41.7857473217	527	8	17
-87.6902369375	41.7857473217	568	9	17
-87.6872934573	41.7857473217	568	10	17
-87.684349977	41.7857473217	176	11	17
-87.6814064967	41.7857473217	42	12	17
-87.6784630165	41.7857473217	0	13	17
-87.6755195362	41.7857473217	0	14	17
-87.672576056	41.7857473217	297	15	17
-87.6696325757	41.7857473217	312	16	17
-87.6666890954	41.7857473217	286	17	17
-87.6637456152	41.7857473217	124	18	17
-87.6608021349	41.7857473217	229	19	17
-87.6578586547	41.7857473217	216	20	17
-87.6549151744	41.7857473217	248	21	17
-87.6519716941	41.7857473217	238	22	17
-87.6490282139	41.7857473217	215	23	17
-87.6460847336	41.7857473217	95	24	17
-87.6431412534	41.7857473217	336	25	17
-87.6401977731	41.7857473217	25	26	17
-87.6372542928	41.7857473217	167	27	17
-87.6343108126	41.7857473217	198	28	17
-87.6313673323	41.7857473217	83	29	17
-87.6284238521	41.7857473217	87	30	17
-87.6254803718	41.7857473217	81	31	17
-87.6225368915	41.7857473217	570	32	17
-87.6195934113	41.7857473217	510	33	17
-87.616649931	41.7857473217	436	34	17
-87.6137064508	41.7857473217	334	35	17
-87.6107629705	41.7857473217	275	36	17
-87.6078194902	41.7857473217	484	37	17
-87.60487601	41.7857473217	308	38	17
-87.6019325297	41.7857473217	77	39	17
-87.5989890495	41.7857473217	1021	40	17
-87.7167282599	41.7835538544	869	0	18
-87.7137847796	41.7835538544	437	1	18
-87.7108412993	41.7835538544	655	2	18
-87.7078978191	41.7835538544	909	3	18
-87.7049543388	41.7835538544	334	4	18
-87.7020108586	41.7835538544	541	5	18
-87.6990673783	41.7835538544	706	6	18
-87.696123898	41.7835538544	511	7	18
-87.6931804178	41.7835538544	667	8	18
-87.6902369375	41.7835538544	467	9	18
-87.6872934573	41.7835538544	289	10	18
-87.684349977	41.7835538544	206	11	18
-87.6814064967	41.7835538544	0	12	18
-87.6784630165	41.7835538544	0	13	18
-87.6755195362	41.7835538544	37	14	18
-87.672576056	41.7835538544	331	15	18
-87.6696325757	41.7835538544	276	16	18
-87.6666890954	41.7835538544	262	17	18
-87.6637456152	41.7835538544	184	18	18
-87.6608021349	41.7835538544	391	19	18
-87.6578586547	41.7835538544	282	20	18
-87.6549151744	41.7835538544	255	21	18
-87.6519716941	41.7835538544	316	22	18
-87.6490282139	41.7835538544	244	23	18
-87.6460847336	41.7835538544	255	24	18
-87.6431412534	41.7835538544	192	25	18
-87.6401977731	41.7835538544	298	26	18
-87.6372542928	41.7835538544	239	27	18
-87.6343108126	41.7835538544	61	28	18
-87.6313673323	41.7835538544	9	29	18
-87.6284238521	41.7835538544	89	30	18
-87.6254803718	41.7835538544	126	31	18
-87.6225368915	41.7835538544	197	32	18
-87.6195934113	41.7835538544	0	33	18
-87.616649931	41.7835538544	315	34	18
-87.6137064508	41.7835538544	630	35	18
-87.6107629705	41.7835538544	568	36	18
-87.6078194902	41.7835538544	603	37	18
-87.60487601	41.7835538544	785	38	18
-87.6019325297	41.7835538544	500	39	18
-87.5989890495	41.7835538544	441	40	18
-87.7167282599	41.781360387	746	0	19
-87.7137847796	41.781360387	441	1	19
-87.7108412993	41.781360387	499	2	19
-87.7078978191	41.781360387	1018	3	19
-87.7049543388	41.781360387	413	4	19
-87.7020108586	41.781360387	603	5	19
-87.6990673783	41.781360387	659	6	19
-87.696123898	41.781360387	602	7	19
-87.6931804178	41.781360387	730	8	19
-87.6902369375	41.781360387	870	9	19
-87.6872934573	41.781360387	706	10	19
-87.684349977	41.781360387	442	11	19
-87.6814064967	41.781360387	134	12	19
-87.6784630165	41.781360387	0	13	19
-87.6755195362	41.781360387	228	14	19
-87.672576056	41.781360387	350	15	19
-87.6696325757	41.781360387	490	16	19
-87.6666890954	41.781360387	341	17	19
-87.6637456152	41.781360387	286	18	19
-87.6608021349	41.781360387	468	19	19
-87.6578586547	41.781360387	345	20	19
-87.6549151744	41.781360387	304	21	19
-87.6519716941	41.781360387	343	22	19
-87.6490282139	41.781360387	231	23	19
-87.6460847336	41.781360387	182	24	19
-87.6431412534	41.781360387	68	25	19
-87.6401977731	41.781360387	419	26	19
-87.6372542928	41.781360387	150	27	19
-87.6343108126	41.781360387	5	28	19
-87.6313673323	41.781360387	49	29	19
-87.6284238521	41.781360387	0	30	19
-87.6254803718	41.781360387	96	31	19
-87.6225368915	41.781360387	866	32	19
-87.6195934113	41.781360387	406	33	19
-87.616649931	41.781360387	346	34	19
-87.6137064508	41.781360387	471	35	19
-87.6107629705	41.781360387	540	36	19
-87.6078194902	41.781360387	448	37	19
-87.60487601	41.781360387	112	38	19
-87.6019325297	41.781360387	66	39	19
-87.5989890495	41.781360387	353	40	19
-87.7167282599	41.7791669197	361	0	20
-87.7137847796	41.7791669197	394	1	20
-87.7108412993	41.7791669197	395	2	20
-87.7078978191	41.7791669197	634	3	20
-87.7049543388	41.7791669197	448	4	20
-87.7020108586	41.7791669197	653	5	20
-87.6990673783	41.7791669197	759	6	20
-87.696123898	41.7791669197	477	7	20
-87.6931804178	41.7791669197	251	8	20
-87.6902369375	41.7791669197	175	9	20
-87.6872934573	41.7791669197	182	10	20
-87.684349977	41.7791669197	580	11	20
-87.6814064967	41.7791669197	82	12	20
-87.6784630165	41.7791669197	73	13	20
-87.6755195362	41.7791669197	242	14	20
-87.672576056	41.7791669197	232	15	20
-87.6696325757	41.7791669197	271	16	20
-87.6666890954	41.7791669197	296	17	20
-87.6637456152	41.7791669197	182	18	20
-87.6608021349	41.7791669197	174	19	20
-87.6578586547	41.7791669197	149	20	20
-87.6549151744	41.7791669197	310	21	20
-87.6519716941	41.7791669197	199	22	20
-87.6490282139	41.7791669197	279	23	20
-87.6460847336	41.7791669197	0	24	20
-87.6431412534	41.7791669197	0	25	20
-87.6401977731	41.7791669197	0	26	20
-87.6372542928	41.7791669197	384	27	20
-87.6343108126	41.7791669197	181	28	20
-87.6313673323	41.7791669197	0	29	20
-87.6284238521	41.7791669197	0	30	20
-87.6254803718	41.7791669197	0	31	20
-87.6225368915	41.7791669197	13	32	20
-87.6195934113	41.7791669197	0	33	20
-87.616649931	41.7791669197	934	34	20
-87.6137064508	41.7791669197	260	35	20
-87.6107629705	41.7791669197	208	36	20
-87.6078194902	41.7791669197	159	37	20
-87.60487601	41.7791669197	135	38	20
-87.6019325297	41.7791669197	546	39	20
-87.5989890495	41.7791669197	311	40	20
-87.7167282599	41.7769734524	800	0	21
-87.7137847796	41.7769734524	220	1	21
-87.7108412993	41.7769734524	429	2	21
-87.7078978191	41.7769734524	807	3	21
-87.7049543388	41.7769734524	457	4	21
-87.7020108586	41.7769734524	745	5	21
-87.6990673783	41.7769734524	940	6	21
-87.696123898	41.7769734524	1147	7	21
-87.6931804178	41.7769734524	979	8	21
-87.6902369375	41.7769734524	711	9	21
-87.6872934573	41.7769734524	729	10	21
-87.684349977	41.7769734524	212	11	21
-87.6814064967	41.7769734524	364	12	21
-87.6784630165	41.7769734524	44	13	21
-87.6755195362	41.7769734524	333	14	21
-87.672576056	41.7769734524	394	15	21
-87.6696325757	41.7769734524	207	16	21
-87.6666890954	41.7769734524	303	17	21
-87.6637456152	41.7769734524	191	18	21
-87.6608021349	41.7769734524	333	19	21
-87.6578586547	41.7769734524	139	20	21
-87.6549151744	41.7769734524	206	21	21
-87.6519716941	41.7769734524	260	22	21
-87.6490282139	41.7769734524	406	23	21
-87.6460847336	41.7769734524	285	24	21
-87.6431412534	41.7769734524	0	25	21
-87.6401977731	41.7769734524	695	26	21
-87.6372542928	41.7769734524	260	27	21
-87.6343108126	41.7769734524	75	28	21
-87.6313673323	41.7769734524	285	29	21
-87.6284238521	41.7769734524	0	30	21
-87.6254803718	41.7769734524	4	31	21
-87.6225368915	41.7769734524	2	32	21
-87.6195934113	41.7769734524	0	33	21
-87.616649931	41.7769734524	7	34	21
-87.6137064508	41.7769734524	293	35	21
-87.6107629705	41.7769734524	182	36	21
-87.6078194902	41.7769734524	361	37	21
-87.60487601	41.7769734524	462	38	21
-87.6019325297	41.7769734524	522	39	21
-87.5989890495	41.7769734524	697	40	21
-87.7167282599	41.774779985	841	0	22
-87.7137847796	41.774779985	357	1	22
-87.7108412993	41.774779985	432	2	22
-87.7078978191	41.774779985	554	3	22
-87.7049543388	41.774779985	462	4	22
-87.7020108586	41.774779985	371	5	22
-87.6990673783	41.774779985	365	6	22
-87.696123898	41.774779985	472	7	22
-87.6931804178	41.774779985	538	8	22
-87.6902369375	41.774779985	364	9	22
-87.6872934573	41.774779985	416	10	22
-87.684349977	41.774779985	250	11	22
-87.6814064967	41.774779985	393	12	22
-87.6784630165	41.774779985	125	13	22
-87.6755195362	41.774779985	201	14	22
-87.672576056	41.774779985	287	15	22
-87.6696325757	41.774779985	198	16	22
-87.6666890954	41.774779985	351	17	22
-87.6637456152	41.774779985	163	18	22
-87.6608021349	41.774779985	428	19	22
-87.6578586547	41.774779985	0	20	22
-87.6549151744	41.774779985	56	21	22
-87.6519716941	41.774779985	192	22	22
-87.6490282139	41.774779985	257	23	22
-87.6460847336	41.774779985	507	24	22
-87.6431412534	41.774779985	327	25	22
-87.6401977731	41.774779985	347	26	22
-87.6372542928	41.774779985	383	27	22
-87.6343108126	41.774779985	180	28	22
-87.6313673323	41.774779985	420	29	22
-87.6284238521	41.774779985	67	30	22
-87.6254803718	41.774779985	29	31	22
-87.6225368915	41.774779985	127	32	22
-87.6195934113	41.774779985	2	33	22
-87.616649931	41.774779985	942	34	22
-87.6137064508	41.774779985	555	35	22
-87.6107629705	41.774779985	598	36	22
-87.6078194902	41.774779985	431	37	22
-87.60487601	41.774779985	347	38	22
-87.6019325297	41.774779985	531	39	22
-87.5989890495	41.774779985	464	40	22
-87.7167282599	41.7725865177	1009	0	23
-87.7137847796	41.7725865177	308	1	23
-87.7108412993	41.7725865177	449	2	23
-87.7078978191	41.7725865177	1004	3	23
-87.7049543388	41.7725865177	324	4	23
-87.7020108586	41.7725865177	419	5	23
-87.6990673783	41.7725865177	626	6	23
-87.696123898	41.7725865177	543	7	23
-87.6931804178	41.7725865177	382	8	23
-87.6902369375	41.7725865177	423	9	23
-87.6872934573	41.7725865177	635	10	23
-87.684349977	41.7725865177	393	11	23
-87.6814064967	41.7725865177	540	12	23
-87.6784630165	41.7725865177	127	13	23
-87.6755195362	41.7725865177	377	14	23
-87.672576056	41.7725865177	328	15	23
-87.6696325757	41.7725865177	396	16	23
-87.6666890954	41.7725865177	417	17	23
-87.6637456152	41.7725865177	267	18	23
-87.6608021349	41.7725865177	583	19	23
-87.6578586547	41.7725865177	64	20	23
-87.6549151744	41.7725865177	338	21	23
-87.6519716941	41.7725865177	239	22	23
-87.6490282139	41.7725865177	546	23	23
-87.6460847336	41.7725865177	529	24	23
-87.6431412534	41.7725865177	274	25	23
-87.6401977731	41.7725865177	270	26	23
-87.6372542928	41.7725865177	488	27	23
-87.6343108126	41.7725865177	225	28	23
-87.6313673323	41.7725865177	138	29	23
-87.6284238521	41.7725865177	282	30	23
-87.6254803718	41.7725865177	42	31	23
-87.6225368915	41.7725865177	498	32	23
-87.6195934113	41.7725865177	237	33	23
-87.616649931	41.7725865177	103	34	23
-87.6137064508	41.7725865177	146	35	23
-87.6107629705	41.7725865177	219	36	23
-87.6078194902	41.7725865177	333	37	23
-87.60487601	41.7725865177	0	38	23
-87.6019325297	41.7725865177	0	39	23
-87.5989890495	41.7725865177	0	40	23
-87.7167282599	41.7703930504	1023	0	24
-87.7137847796	41.7703930504	509	1	24
-87.7108412993	41.7703930504	0	2	24
-87.7078978191	41.7703930504	0	3	24
-87.7049543388	41.7703930504	0	4	24
-87.7020108586	41.7703930504	0	5	24
-87.6990673783	41.7703930504	0	6	24
-87.696123898	41.7703930504	0	7	24
-87.6931804178	41.7703930504	0	8	24
-87.6902369375	41.7703930504	289	9	24
-87.6872934573	41.7703930504	610	10	24
-87.684349977	41.7703930504	422	11	24
-87.6814064967	41.7703930504	481	12	24
-87.6784630165	41.7703930504	114	13	24
-87.6755195362	41.7703930504	460	14	24
-87.672576056	41.7703930504	364	15	24
-87.6696325757	41.7703930504	362	16	24
-87.6666890954	41.7703930504	307	17	24
-87.6637456152	41.7703930504	253	18	24
-87.6608021349	41.7703930504	504	19	24
-87.6578586547	41.7703930504	589	20	24
-87.6549151744	41.7703930504	217	21	24
-87.6519716941	41.7703930504	504	22	24
-87.6490282139	41.7703930504	452	23	24
-87.6460847336	41.7703930504	232	24	24
-87.6431412534	41.7703930504	104	25	24
-87.6401977731	41.7703930504	93	26	24
-87.6372542928	41.7703930504	192	27	24
-87.6343108126	41.7703930504	0	28	24
-87.6313673323	41.7703930504	0	29	24
-87.6284238521	41.7703930504	457	30	24
-87.6254803718	41.7703930504	29	31	24
-87.6225368915	41.7703930504	377	32	24
-87.6195934113	41.7703930504	361	33	24
-87.616649931	41.7703930504	268	34	24
-87.6137064508	41.7703930504	59	35	24
-87.6107629705	41.7703930504	206	36	24
-87.6078194902	41.7703930504	282	37	24
-87.60487601	41.7703930504	2	38	24
-87.6019325297	41.7703930504	0	39	24
-87.5989890495	41.7703930504	0	40	24
-87.7167282599	41.768199583	926	0	25
-87.7137847796	41.768199583	120	1	25
-87.7108412993	41.768199583	0	2	25
-87.7078978191	41.768199583	0	3	25
-87.7049543388	41.768199583	0	4	25
-87.7020108586	41.768199583	0	5	25
-87.6990673783	41.768199583	0	6	25
-87.696123898	41.768199583	0	7	25
-87.6931804178	41.768199583	15	8	25
-87.6902369375	41.768199583	269	9	25
-87.6872934573	41.768199583	494	10	25
-87.684349977	41.768199583	351	11	25
-87.6814064967	41.768199583	302	12	25
-87.6784630165	41.768199583	53	13	25
-87.6755195362	41.768199583	407	14	25
-87.672576056	41.768199583	221	15	25
-87.6696325757	41.768199583	266	16	25
-87.6666890954	41.768199583	184	17	25
-87.6637456152	41.768199583	107	18	25
-87.6608021349	41.768199583	411	19	25
-87.6578586547	41.768199583	250	20	25
-87.6549151744	41.768199583	177	21	25
-87.6519716941	41.768199583	177	22	25
-87.6490282139	41.768199583	166	23	25
-87.6460847336	41.768199583	325	24	25
-87.6431412534	41.768199583	150	25	25
-87.6401977731	41.768199583	195	26	25
-87.6372542928	41.768199583	146	27	25
-87.6343108126	41.768199583	212	28	25
-87.6313673323	41.768199583	503	29	25
-87.6284238521	41.768199583	214	30	25
-87.6254803718	41.768199583	0	31	25
-87.6225368915	41.768199583	414	32	25
-87.6195934113	41.768199583	420	33	25
-87.616649931	41.768199583	268	34	25
-87.6137064508	41.768199583	298	35	25
-87.6107629705	41.768199583	37	36	25
-87.6078194902	41.768199583	246	37	25
-87.60487601	41.768199583	0	38	25
-87.6019325297	41.768199583	0	39	25
-87.5989890495	41.768199583	0	40	25
-87.7167282599	41.7660061157	859	0	26
-87.7137847796	41.7660061157	286	1	26
-87.7108412993	41.7660061157	0	2	26
-87.7078978191	41.7660061157	0	3	26
-87.7049543388	41.7660061157	0	4	26
-87.7020108586	41.7660061157	0	5	26
-87.6990673783	41.7660061157	0	6	26
-87.696123898	41.7660061157	0	7	26
-87.6931804178	41.7660061157	275	8	26
-87.6902369375	41.7660061157	467	9	26
-87.6872934573	41.7660061157	388	10	26
-87.684349977	41.7660061157	280	11	26
-87.6814064967	41.7660061157	291	12	26
-87.6784630165	41.7660061157	65	13	26
-87.6755195362	41.7660061157	482	14	26
-87.672576056	41.7660061157	266	15	26
-87.6696325757	41.7660061157	228	16	26
-87.6666890954	41.7660061157	368	17	26
-87.6637456152	41.7660061157	171	18	26
-87.6608021349	41.7660061157	306	19	26
-87.6578586547	41.7660061157	175	20	26
-87.6549151744	41.7660061157	265	21	26
-87.6519716941	41.7660061157	233	22	26
-87.6490282139	41.7660061157	390	23	26
-87.6460847336	41.7660061157	364	24	26
-87.6431412534	41.7660061157	197	25	26
-87.6401977731	41.7660061157	107	26	26
-87.6372542928	41.7660061157	445	27	26
-87.6343108126	41.7660061157	121	28	26
-87.6313673323	41.7660061157	182	29	26
-87.6284238521	41.7660061157	647	30	26
-87.6254803718	41.7660061157	0	31	26
-87.6225368915	41.7660061157	207	32	26
-87.6195934113	41.7660061157	235	33	26
-87.616649931	41.7660061157	297	34	26
-87.6137064508	41.7660061157	334	35	26
-87.6107629705	41.7660061157	149	36	26
-87.6078194902	41.7660061157	124	37	26
-87.60487601	41.7660061157	30	38	26
-87.6019325297	41.7660061157	147	39	26
-87.5989890495	41.7660061157	172	40	26
-87.7167282599	41.7638126484	1179	0	27
-87.7137847796	41.7638126484	510	1	27
-87.7108412993	41.7638126484	202	2	27
-87.7078978191	41.7638126484	443	3	27
-87.7049543388	41.7638126484	376	4	27
-87.7020108586	41.7638126484	363	5	27
-87.6990673783	41.7638126484	306	6	27
-87.696123898	41.7638126484	504	7	27
-87.6931804178	41.7638126484	362	8	27
-87.6902369375	41.7638126484	432	9	27
-87.6872934573	41.7638126484	395	10	27
-87.684349977	41.7638126484	244	11	27
-87.6814064967	41.7638126484	288	12	27
-87.6784630165	41.7638126484	160	13	27
-87.6755195362	41.7638126484	285	14	27
-87.672576056	41.7638126484	327	15	27
-87.6696325757	41.7638126484	298	16	27
-87.6666890954	41.7638126484	341	17	27
-87.6637456152	41.7638126484	228	18	27
-87.6608021349	41.7638126484	453	19	27
-87.6578586547	41.7638126484	176	20	27
-87.6549151744	41.7638126484	381	21	27
-87.6519716941	41.7638126484	325	22	27
-87.6490282139	41.7638126484	288	23	27
-87.6460847336	41.7638126484	175	24	27
-87.6431412534	41.7638126484	333	25	27
-87.6401977731	41.7638126484	154	26	27
-87.6372542928	41.7638126484	406	27	27
-87.6343108126	41.7638126484	165	28	27
-87.6313673323	41.7638126484	253	29	27
-87.6284238521	41.7638126484	436	30	27
-87.6254803718	41.7638126484	185	31	27
-87.6225368915	41.7638126484	453	32	27
-87.6195934113	41.7638126484	361	33	27
-87.616649931	41.7638126484	342	34	27
-87.6137064508	41.7638126484	788	35	27
-87.6107629705	41.7638126484	790	36	27
-87.6078194902	41.7638126484	541	37	27
-87.60487601	41.7638126484	53	38	27
-87.6019325297	41.7638126484	79	39	27
-87.5989890495	41.7638126484	266	40	27
-87.7167282599	41.7616191811	702	0	28
-87.7137847796	41.7616191811	384	1	28
-87.7108412993	41.7616191811	347	2	28
-87.7078978191	41.7616191811	616	3	28
-87.7049543388	41.7616191811	425	4	28
-87.7020108586	41.7616191811	354	5	28
-87.6990673783	41.7616191811	255	6	28
-87.696123898	41.7616191811	423	7	28
-87.6931804178	41.7616191811	389	8	28
-87.6902369375	41.7616191811	460	9	28
-87.6872934573	41.7616191811	463	10	28
-87.684349977	41.7616191811	269	11	28
-87.6814064967	41.7616191811	330	12	28
-87.6784630165	41.7616191811	250	13	28
-87.6755195362	41.7616191811	145	14	28
-87.672576056	41.7616191811	259	15	28
-87.6696325757	41.7616191811	302	16	28
-87.6666890954	41.7616191811	322	17	28
-87.6637456152	41.7616191811	193	18	28
-87.6608021349	41.7616191811	482	19	28
-87.6578586547	41.7616191811	200	20	28
-87.6549151744	41.7616191811	370	21	28
-87.6519716941	41.7616191811	629	22	28
-87.6490282139	41.7616191811	693	23	28
-87.6460847336	41.7616191811	536	24	28
-87.6431412534	41.7616191811	634	25	28
-87.6401977731	41.7616191811	443	26	28
-87.6372542928	41.7616191811	4	27	28
-87.6343108126	41.7616191811	475	28	28
-87.6313673323	41.7616191811	671	29	28
-87.6284238521	41.7616191811	214	30	28
-87.6254803718	41.7616191811	23	31	28
-87.6225368915	41.7616191811	289	32	28
-87.6195934113	41.7616191811	142	33	28
-87.616649931	41.7616191811	240	34	28
-87.6137064508	41.7616191811	385	35	28
-87.6107629705	41.7616191811	409	36	28
-87.6078194902	41.7616191811	267	37	28
-87.60487601	41.7616191811	128	38	28
-87.6019325297	41.7616191811	0	39	28
-87.5989890495	41.7616191811	73	40	28
-87.7167282599	41.7594257137	0	0	29
-87.7137847796	41.7594257137	0	1	29
-87.7108412993	41.7594257137	343	2	29
-87.7078978191	41.7594257137	377	3	29
-87.7049543388	41.7594257137	0	4	29
-87.7020108586	41.7594257137	227	5	29
-87.6990673783	41.7594257137	202	6	29
-87.696123898	41.7594257137	232	7	29
-87.6931804178	41.7594257137	214	8	29
-87.6902369375	41.7594257137	213	9	29
-87.6872934573	41.7594257137	645	10	29
-87.684349977	41.7594257137	273	11	29
-87.6814064967	41.7594257137	452	12	29
-87.6784630165	41.7594257137	29	13	29
-87.6755195362	41.7594257137	158	14	29
-87.672576056	41.7594257137	297	15	29
-87.6696325757	41.7594257137	212	16	29
-87.6666890954	41.7594257137	264	17	29
-87.6637456152	41.7594257137	114	18	29
-87.6608021349	41.7594257137	111	19	29
-87.6578586547	41.7594257137	41	20	29
-87.6549151744	41.7594257137	306	21	29
-87.6519716941	41.7594257137	229	22	29
-87.6490282139	41.7594257137	155	23	29
-87.6460847336	41.7594257137	98	24	29
-87.6431412534	41.7594257137	192	25	29
-87.6401977731	41.7594257137	83	26	29
-87.6372542928	41.7594257137	225	27	29
-87.6343108126	41.7594257137	340	28	29
-87.6313673323	41.7594257137	262	29	29
-87.6284238521	41.7594257137	362	30	29
-87.6254803718	41.7594257137	52	31	29
-87.6225368915	41.7594257137	207	32	29
-87.6195934113	41.7594257137	168	33	29
-87.616649931	41.7594257137	230	34	29
-87.6137064508	41.7594257137	447	35	29
-87.6107629705	41.7594257137	396	36	29
-87.6078194902	41.7594257137	327	37	29
-87.60487601	41.7594257137	188	38	29
-87.6019325297	41.7594257137	211	39	29
-87.5989890495	41.7594257137	0	40	29
-87.7167282599	41.7572322464	93	0	30
-87.7137847796	41.7572322464	0	1	30
-87.7108412993	41.7572322464	134	2	30
-87.7078978191	41.7572322464	160	3	30
-87.7049543388	41.7572322464	0	4	30
-87.7020108586	41.7572322464	0	5	30
-87.6990673783	41.7572322464	0	6	30
-87.696123898	41.7572322464	0	7	30
-87.6931804178	41.7572322464	0	8	30
-87.6902369375	41.7572322464	0	9	30
-87.6872934573	41.7572322464	103	10	30
-87.684349977	41.7572322464	0	11	30
-87.6814064967	41.7572322464	0	12	30
-87.6784630165	41.7572322464	0	13	30
-87.6755195362	41.7572322464	170	14	30
-87.672576056	41.7572322464	258	15	30
-87.6696325757	41.7572322464	226	16	30
-87.6666890954	41.7572322464	235	17	30
-87.6637456152	41.7572322464	73	18	30
-87.6608021349	41.7572322464	0	19	30
-87.6578586547	41.7572322464	0	20	30
-87.6549151744	41.7572322464	356	21	30
-87.6519716941	41.7572322464	278	22	30
-87.6490282139	41.7572322464	243	23	30
-87.6460847336	41.7572322464	399	24	30
-87.6431412534	41.7572322464	317	25	30
-87.6401977731	41.7572322464	45	26	30
-87.6372542928	41.7572322464	402	27	30
-87.6343108126	41.7572322464	370	28	30
-87.6313673323	41.7572322464	227	29	30
-87.6284238521	41.7572322464	183	30	30
-87.6254803718	41.7572322464	91	31	30
-87.6225368915	41.7572322464	211	32	30
-87.6195934113	41.7572322464	178	33	30
-87.616649931	41.7572322464	286	34	30
-87.6137064508	41.7572322464	304	35	30
-87.6107629705	41.7572322464	286	36	30
-87.6078194902	41.7572322464	232	37	30
-87.60487601	41.7572322464	231	38	30
-87.6019325297	41.7572322464	156	39	30
-87.5989890495	41.7572322464	125	40	30
-87.7167282599	41.7550387791	1099	0	31
-87.7137847796	41.7550387791	109	1	31
-87.7108412993	41.7550387791	346	2	31
-87.7078978191	41.7550387791	143	3	31
-87.7049543388	41.7550387791	0	4	31
-87.7020108586	41.7550387791	0	5	31
-87.6990673783	41.7550387791	0	6	31
-87.696123898	41.7550387791	0	7	31
-87.6931804178	41.7550387791	0	8	31
-87.6902369375	41.7550387791	0	9	31
-87.6872934573	41.7550387791	70	10	31
-87.684349977	41.7550387791	162	11	31
-87.6814064967	41.7550387791	0	12	31
-87.6784630165	41.7550387791	293	13	31
-87.6755195362	41.7550387791	165	14	31
-87.672576056	41.7550387791	180	15	31
-87.6696325757	41.7550387791	271	16	31
-87.6666890954	41.7550387791	440	17	31
-87.6637456152	41.7550387791	244	18	31
-87.6608021349	41.7550387791	260	19	31
-87.6578586547	41.7550387791	90	20	31
-87.6549151744	41.7550387791	612	21	31
-87.6519716941	41.7550387791	494	22	31
-87.6490282139	41.7550387791	377	23	31
-87.6460847336	41.7550387791	409	24	31
-87.6431412534	41.7550387791	282	25	31
-87.6401977731	41.7550387791	184	26	31
-87.6372542928	41.7550387791	413	27	31
-87.6343108126	41.7550387791	309	28	31
-87.6313673323	41.7550387791	6	29	31
-87.6284238521	41.7550387791	97	30	31
-87.6254803718	41.7550387791	73	31	31
-87.6225368915	41.7550387791	198	32	31
-87.6195934113	41.7550387791	154	33	31
-87.616649931	41.7550387791	234	34	31
-87.6137064508	41.7550387791	291	35	31
-87.6107629705	41.7550387791	217	36	31
-87.6078194902	41.7550387791	581	37	31
-87.60487601	41.7550387791	389	38	31
-87.6019325297	41.7550387791	312	39	31
-87.5989890495	41.7550387791	125	40	31
-87.7167282599	41.7528453117	912	0	32
-87.7137847796	41.7528453117	234	1	32
-87.7108412993	41.7528453117	276	2	32
-87.7078978191	41.7528453117	301	3	32
-87.7049543388	41.7528453117	257	4	32
-87.7020108586	41.7528453117	315	5	32
-87.6990673783	41.7528453117	178	6	32
-87.696123898	41.7528453117	59	7	32
-87.6931804178	41.7528453117	0	8	32
-87.6902369375	41.7528453117	5	9	32
-87.6872934573	41.7528453117	21	10	32
-87.684349977	41.7528453117	0	11	32
-87.6814064967	41.7528453117	0	12	32
-87.6784630165	41.7528453117	0	13	32
-87.6755195362	41.7528453117	369	14	32
-87.672576056	41.7528453117	282	15	32
-87.6696325757	41.7528453117	403	16	32
-87.6666890954	41.7528453117	448	17	32
-87.6637456152	41.7528453117	243	18	32
-87.6608021349	41.7528453117	310	19	32
-87.6578586547	41.7528453117	362	20	32
-87.6549151744	41.7528453117	271	21	32
-87.6519716941	41.7528453117	367	22	32
-87.6490282139	41.7528453117	445	23	32
-87.6460847336	41.7528453117	527	24	32
-87.6431412534	41.7528453117	484	25	32
-87.6401977731	41.7528453117	314	26	32
-87.6372542928	41.7528453117	325	27	32
-87.6343108126	41.7528453117	50	28	32
-87.6313673323	41.7528453117	0	29	32
-87.6284238521	41.7528453117	0	30	32
-87.6254803718	41.7528453117	75	31	32
-87.6225368915	41.7528453117	343	32	32
-87.6195934113	41.7528453117	455	33	32
-87.616649931	41.7528453117	357	34	32
-87.6137064508	41.7528453117	339	35	32
-87.6107629705	41.7528453117	470	36	32
-87.6078194902	41.7528453117	282	37	32
-87.60487601	41.7528453117	241	38	32
-87.6019325297	41.7528453117	419	39	32
-87.5989890495	41.7528453117	205	40	32
-87.7167282599	41.7506518444	526	0	33
-87.7137847796	41.7506518444	117	1	33
-87.7108412993	41.7506518444	304	2	33
-87.7078978191	41.7506518444	184	3	33
-87.7049543388	41.7506518444	322	4	33
-87.7020108586	41.7506518444	189	5	33
-87.6990673783	41.7506518444	40	6	33
-87.696123898	41.7506518444	110	7	33
-87.6931804178	41.7506518444	37	8	33
-87.6902369375	41.7506518444	21	9	33
-87.6872934573	41.7506518444	21	10	33
-87.684349977	41.7506518444	25	11	33
-87.6814064967	41.7506518444	1	12	33
-87.6784630165	41.7506518444	0	13	33
-87.6755195362	41.7506518444	217	14	33
-87.672576056	41.7506518444	267	15	33
-87.6696325757	41.7506518444	412	16	33
-87.6666890954	41.7506518444	465	17	33
-87.6637456152	41.7506518444	402	18	33
-87.6608021349	41.7506518444	344	19	33
-87.6578586547	41.7506518444	275	20	33
-87.6549151744	41.7506518444	233	21	33
-87.6519716941	41.7506518444	458	22	33
-87.6490282139	41.7506518444	496	23	33
-87.6460847336	41.7506518444	312	24	33
-87.6431412534	41.7506518444	101	25	33
-87.6401977731	41.7506518444	129	26	33
-87.6372542928	41.7506518444	215	27	33
-87.6343108126	41.7506518444	381	28	33
-87.6313673323	41.7506518444	258	29	33
-87.6284238521	41.7506518444	252	30	33
-87.6254803718	41.7506518444	116	31	33
-87.6225368915	41.7506518444	441	32	33
-87.6195934113	41.7506518444	266	33	33
-87.616649931	41.7506518444	256	34	33
-87.6137064508	41.7506518444	403	35	33
-87.6107629705	41.7506518444	631	36	33
-87.6078194902	41.7506518444	590	37	33
-87.60487601	41.7506518444	350	38	33
-87.6019325297	41.7506518444	613	39	33
-87.5989890495	41.7506518444	448	40	33
-87.7167282599	41.7484583771	515	0	34
-87.7137847796	41.7484583771	288	1	34
-87.7108412993	41.7484583771	246	2	34
-87.7078978191	41.7484583771	402	3	34
-87.7049543388	41.7484583771	120	4	34
-87.7020108586	41.7484583771	254	5	34
-87.6990673783	41.7484583771	259	6	34
-87.696123898	41.7484583771	198	7	34
-87.6931804178	41.7484583771	145	8	34
-87.6902369375	41.7484583771	191	9	34
-87.6872934573	41.7484583771	137	10	34
-87.684349977	41.7484583771	290	11	34
-87.6814064967	41.7484583771	513	12	34
-87.6784630165	41.7484583771	157	13	34
-87.6755195362	41.7484583771	264	14	34
-87.672576056	41.7484583771	342	15	34
-87.6696325757	41.7484583771	610	16	34
-87.6666890954	41.7484583771	1131	17	34
-87.6637456152	41.7484583771	711	18	34
-87.6608021349	41.7484583771	855	19	34
-87.6578586547	41.7484583771	871	20	34
-87.6549151744	41.7484583771	454	21	34
-87.6519716941	41.7484583771	685	22	34
-87.6490282139	41.7484583771	879	23	34
-87.6460847336	41.7484583771	650	24	34
-87.6431412534	41.7484583771	245	25	34
-87.6401977731	41.7484583771	79	26	34
-87.6372542928	41.7484583771	144	27	34
-87.6343108126	41.7484583771	236	28	34
-87.6313673323	41.7484583771	318	29	34
-87.6284238521	41.7484583771	247	30	34
-87.6254803718	41.7484583771	188	31	34
-87.6225368915	41.7484583771	143	32	34
-87.6195934113	41.7484583771	224	33	34
-87.616649931	41.7484583771	228	34	34
-87.6137064508	41.7484583771	541	35	34
-87.6107629705	41.7484583771	467	36	34
-87.6078194902	41.7484583771	630	37	34
-87.60487601	41.7484583771	460	38	34
-87.6019325297	41.7484583771	620	39	34
-87.5989890495	41.7484583771	436	40	34
-87.7167282599	41.7462649097	489	0	35
-87.7137847796	41.7462649097	267	1	35
-87.7108412993	41.7462649097	235	2	35
-87.7078978191	41.7462649097	156	3	35
-87.7049543388	41.7462649097	471	4	35
-87.7020108586	41.7462649097	420	5	35
-87.6990673783	41.7462649097	501	6	35
-87.696123898	41.7462649097	465	7	35
-87.6931804178	41.7462649097	298	8	35
-87.6902369375	41.7462649097	505	9	35
-87.6872934573	41.7462649097	266	10	35
-87.684349977	41.7462649097	422	11	35
-87.6814064967	41.7462649097	194	12	35
-87.6784630165	41.7462649097	111	13	35
-87.6755195362	41.7462649097	19	14	35
-87.672576056	41.7462649097	194	15	35
-87.6696325757	41.7462649097	261	16	35
-87.6666890954	41.7462649097	443	17	35
-87.6637456152	41.7462649097	408	18	35
-87.6608021349	41.7462649097	246	19	35
-87.6578586547	41.7462649097	375	20	35
-87.6549151744	41.7462649097	370	21	35
-87.6519716941	41.7462649097	95	22	35
-87.6490282139	41.7462649097	222	23	35
-87.6460847336	41.7462649097	397	24	35
-87.6431412534	41.7462649097	193	25	35
-87.6401977731	41.7462649097	0	26	35
-87.6372542928	41.7462649097	90	27	35
-87.6343108126	41.7462649097	79	28	35
-87.6313673323	41.7462649097	209	29	35
-87.6284238521	41.7462649097	127	30	35
-87.6254803718	41.7462649097	219	31	35
-87.6225368915	41.7462649097	128	32	35
-87.6195934113	41.7462649097	225	33	35
-87.616649931	41.7462649097	210	34	35
-87.6137064508	41.7462649097	401	35	35
-87.6107629705	41.7462649097	210	36	35
-87.6078194902	41.7462649097	421	37	35
-87.60487601	41.7462649097	517	38	35
-87.6019325297	41.7462649097	826	39	35
-87.5989890495	41.7462649097	101	40	35
-87.7167282599	41.7440714424	585	0	36
-87.7137847796	41.7440714424	284	1	36
-87.7108412993	41.7440714424	137	2	36
-87.7078978191	41.7440714424	235	3	36
-87.7049543388	41.7440714424	107	4	36
-87.7020108586	41.7440714424	128	5	36
-87.6990673783	41.7440714424	234	6	36
-87.696123898	41.7440714424	200	7	36
-87.6931804178	41.7440714424	224	8	36
-87.6902369375	41.7440714424	188	9	36
-87.6872934573	41.7440714424	283	10	36
-87.684349977	41.7440714424	158	11	36
-87.6814064967	41.7440714424	22	12	36
-87.6784630165	41.7440714424	0	13	36
-87.6755195362	41.7440714424	240	14	36
-87.672576056	41.7440714424	193	15	36
-87.6696325757	41.7440714424	291	16	36
-87.6666890954	41.7440714424	397	17	36
-87.6637456152	41.7440714424	387	18	36
-87.6608021349	41.7440714424	464	19	36
-87.6578586547	41.7440714424	364	20	36
-87.6549151744	41.7440714424	436	21	36
-87.6519716941	41.7440714424	338	22	36
-87.6490282139	41.7440714424	336	23	36
-87.6460847336	41.7440714424	383	24	36
-87.6431412534	41.7440714424	71	25	36
-87.6401977731	41.7440714424	0	26	36
-87.6372542928	41.7440714424	0	27	36
-87.6343108126	41.7440714424	0	28	36
-87.6313673323	41.7440714424	87	29	36
-87.6284238521	41.7440714424	239	30	36
-87.6254803718	41.7440714424	112	31	36
-87.6225368915	41.7440714424	187	32	36
-87.6195934113	41.7440714424	364	33	36
-87.616649931	41.7440714424	191	34	36
-87.6137064508	41.7440714424	406	35	36
-87.6107629705	41.7440714424	267	36	36
-87.6078194902	41.7440714424	645	37	36
-87.60487601	41.7440714424	863	38	36
-87.6019325297	41.7440714424	1157	39	36
-87.5989890495	41.7440714424	278	40	36
-87.7167282599	41.7418779751	768	0	37
-87.7137847796	41.7418779751	121	1	37
-87.7108412993	41.7418779751	177	2	37
-87.7078978191	41.7418779751	243	3	37
-87.7049543388	41.7418779751	337	4	37
-87.7020108586	41.7418779751	190	5	37
-87.6990673783	41.7418779751	59	6	37
-87.696123898	41.7418779751	38	7	37
-87.6931804178	41.7418779751	323	8	37
-87.6902369375	41.7418779751	303	9	37
-87.6872934573	41.7418779751	0	10	37
-87.684349977	41.7418779751	21	11	37
-87.6814064967	41.7418779751	0	12	37
-87.6784630165	41.7418779751	15	13	37
-87.6755195362	41.7418779751	213	14	37
-87.672576056	41.7418779751	204	15	37
-87.6696325757	41.7418779751	19	16	37
-87.6666890954	41.7418779751	346	17	37
-87.6637456152	41.7418779751	282	18	37
-87.6608021349	41.7418779751	80	19	37
-87.6578586547	41.7418779751	230	20	37
-87.6549151744	41.7418779751	324	21	37
-87.6519716941	41.7418779751	358	22	37
-87.6490282139	41.7418779751	268	23	37
-87.6460847336	41.7418779751	322	24	37
-87.6431412534	41.7418779751	114	25	37
-87.6401977731	41.7418779751	160	26	37
-87.6372542928	41.7418779751	0	27	37
-87.6343108126	41.7418779751	0	28	37
-87.6313673323	41.7418779751	0	29	37
-87.6284238521	41.7418779751	100	30	37
-87.6254803718	41.7418779751	64	31	37
-87.6225368915	41.7418779751	437	32	37
-87.6195934113	41.7418779751	312	33	37
-87.616649931	41.7418779751	190	34	37
-87.6137064508	41.7418779751	365	35	37
-87.6107629705	41.7418779751	246	36	37
-87.6078194902	41.7418779751	409	37	37
-87.60487601	41.7418779751	77	38	37
-87.6019325297	41.7418779751	404	39	37
-87.5989890495	41.7418779751	0	40	37
-87.7167282599	41.7396845077	620	0	38
-87.7137847796	41.7396845077	264	1	38
-87.7108412993	41.7396845077	239	2	38
-87.7078978191	41.7396845077	209	3	38
-87.7049543388	41.7396845077	338	4	38
-87.7020108586	41.7396845077	190	5	38
-87.6990673783	41.7396845077	100	6	38
-87.696123898	41.7396845077	18	7	38
-87.6931804178	41.7396845077	240	8	38
-87.6902369375	41.7396845077	363	9	38
-87.6872934573	41.7396845077	129	10	38
-87.684349977	41.7396845077	0	11	38
-87.6814064967	41.7396845077	0	12	38
-87.6784630165	41.7396845077	0	13	38
-87.6755195362	41.7396845077	164	14	38
-87.672576056	41.7396845077	217	15	38
-87.6696325757	41.7396845077	274	16	38
-87.6666890954	41.7396845077	372	17	38
-87.6637456152	41.7396845077	191	18	38
-87.6608021349	41.7396845077	72	19	38
-87.6578586547	41.7396845077	397	20	38
-87.6549151744	41.7396845077	502	21	38
-87.6519716941	41.7396845077	504	22	38
-87.6490282139	41.7396845077	608	23	38
-87.6460847336	41.7396845077	426	24	38
-87.6431412534	41.7396845077	269	25	38
-87.6401977731	41.7396845077	69	26	38
-87.6372542928	41.7396845077	554	27	38
-87.6343108126	41.7396845077	0	28	38
-87.6313673323	41.7396845077	0	29	38
-87.6284238521	41.7396845077	0	30	38
-87.6254803718	41.7396845077	0	31	38
-87.6225368915	41.7396845077	144	32	38
-87.6195934113	41.7396845077	85	33	38
-87.616649931	41.7396845077	98	34	38
-87.6137064508	41.7396845077	142	35	38
-87.6107629705	41.7396845077	117	36	38
-87.6078194902	41.7396845077	126	37	38
-87.60487601	41.7396845077	63	38	38
-87.6019325297	41.7396845077	284	39	38
-87.5989890495	41.7396845077	14	40	38
-87.7167282599	41.7374910404	493	0	39
-87.7137847796	41.7374910404	229	1	39
-87.7108412993	41.7374910404	0	2	39
-87.7078978191	41.7374910404	480	3	39
-87.7049543388	41.7374910404	61	4	39
-87.7020108586	41.7374910404	0	5	39
-87.6990673783	41.7374910404	268	6	39
-87.696123898	41.7374910404	170	7	39
-87.6931804178	41.7374910404	163	8	39
-87.6902369375	41.7374910404	249	9	39
-87.6872934573	41.7374910404	135	10	39
-87.684349977	41.7374910404	0	11	39
-87.6814064967	41.7374910404	0	12	39
-87.6784630165	41.7374910404	0	13	39
-87.6755195362	41.7374910404	76	14	39
-87.672576056	41.7374910404	384	15	39
-87.6696325757	41.7374910404	300	16	39
-87.6666890954	41.7374910404	395	17	39
-87.6637456152	41.7374910404	326	18	39
-87.6608021349	41.7374910404	539	19	39
-87.6578586547	41.7374910404	272	20	39
-87.6549151744	41.7374910404	202	21	39
-87.6519716941	41.7374910404	209	22	39
-87.6490282139	41.7374910404	213	23	39
-87.6460847336	41.7374910404	158	24	39
-87.6431412534	41.7374910404	79	25	39
-87.6401977731	41.7374910404	210	26	39
-87.6372542928	41.7374910404	257	27	39
-87.6343108126	41.7374910404	0	28	39
-87.6313673323	41.7374910404	0	29	39
-87.6284238521	41.7374910404	0	30	39
-87.6254803718	41.7374910404	0	31	39
-87.6225368915	41.7374910404	130	32	39
-87.6195934113	41.7374910404	181	33	39
-87.616649931	41.7374910404	139	34	39
-87.6137064508	41.7374910404	128	35	39
-87.6107629705	41.7374910404	187	36	39
-87.6078194902	41.7374910404	49	37	39
-87.60487601	41.7374910404	70	38	39
-87.6019325297	41.7374910404	326	39	39
-87.5989890495	41.7374910404	0	40	39
-87.7167282599	41.7352975731	330	0	40
-87.7137847796	41.7352975731	114	1	40
-87.7108412993	41.7352975731	0	2	40
-87.7078978191	41.7352975731	0	3	40
-87.7049543388	41.7352975731	0	4	40
-87.7020108586	41.7352975731	0	5	40
-87.6990673783	41.7352975731	0	6	40
-87.696123898	41.7352975731	247	7	40
-87.6931804178	41.7352975731	73	8	40
-87.6902369375	41.7352975731	123	9	40
-87.6872934573	41.7352975731	0	10	40
-87.684349977	41.7352975731	0	11	40
-87.6814064967	41.7352975731	0	12	40
-87.6784630165	41.7352975731	0	13	40
-87.6755195362	41.7352975731	25	14	40
-87.672576056	41.7352975731	112	15	40
-87.6696325757	41.7352975731	252	16	40
-87.6666890954	41.7352975731	199	17	40
-87.6637456152	41.7352975731	239	18	40
-87.6608021349	41.7352975731	231	19	40
-87.6578586547	41.7352975731	269	20	40
-87.6549151744	41.7352975731	287	21	40
-87.6519716941	41.7352975731	204	22	40
-87.6490282139	41.7352975731	397	23	40
-87.6460847336	41.7352975731	107	24	40
-87.6431412534	41.7352975731	163	25	40
-87.6401977731	41.7352975731	87	26	40
-87.6372542928	41.7352975731	166	27	40
-87.6343108126	41.7352975731	116	28	40
-87.6313673323	41.7352975731	5	29	40
-87.6284238521	41.7352975731	0	30	40
-87.6254803718	41.7352975731	0	31	40
-87.6225368915	41.7352975731	164	32	40
-87.6195934113	41.7352975731	142	33	40
-87.616649931	41.7352975731	296	34	40
-87.6137064508	41.7352975731	240	35	40
-87.6107629705	41.7352975731	284	36	40
-87.6078194902	41.7352975731	280	37	40
-87.60487601	41.7352975731	306	38	40
-87.6019325297	41.7352975731	303	39	40
-87.5989890495	41.7352975731	0	40	40
