lon	lat	pop	x_idx	y_idx
-87.7566879188	41.973008848	1310	0	0
-87.7536637563	41.973008848	464	1	0
-87.7506395939	41.973008848	566	2	0
-87.7476154314	41.973008848	115	3	0
-87.744591269	41.973008848	296	4	0
-87.7415671065	41.973008848	386	5	0
-87.7385429441	41.973008848	441	6	0
-87.7355187816	41.973008848	634	7	0
-87.7324946191	41.973008848	246	8	0
-87.7294704567	41.973008848	69	9	0
-87.7264462942	41.973008848	1233	10	0
-87.7234221318	41.973008848	538	11	0
-87.7203979693	41.973008848	612	12	0
-87.7173738069	41.973008848	556	13	0
-87.7143496444	41.973008848	1189	14	0
-87.711325482	41.973008848	876	15	0
-87.7083013195	41.973008848	1089	16	0
-87.7052771571	41.973008848	172	17	0
-87.7022529946	41.973008848	60	18	0
-87.6992288322	41.973008848	359	19	0
-87.6962046697	41.973008848	1358	20	0
-87.6931805072	41.973008848	861	21	0
-87.6901563448	41.973008848	914	22	0
-87.6871321823	41.973008848	918	23	0
-87.6841080199	41.973008848	698	24	0
-87.6810838574	41.973008848	94	25	0
-87.678059695	41.973008848	1566	26	0
-87.6750355325	41.973008848	425	27	0
-87.6720113701	41.973008848	1302	28	0
-87.6689872076	41.973008848	871	29	0
-87.6659630452	41.973008848	1450	30	0
-87.6629388827	41.973008848	2008	31	0
-87.6599147203	41.973008848	77	32	0
-87.6568905578	41.973008848	2587	33	0
-87.6538663953	41.973008848	3910	34	0
-87.6508422329	41.973008848	1656	35	0
-87.6478180704	41.973008848	0	36	0
-87.644793908	41.973008848	0	37	0
-87.6417697455	41.973008848	0	38	0
-87.6387455831	41.973008848	0	39	0
-87.6357214206	41.973008848	0	40	0
-87.7566879188	41.970760544	593	0	1
-87.7536637563	41.970760544	334	1	1
-87.7506395939	41.970760544	308	2	1
-87.7476154314	41.970760544	302	3	1
-87.744591269	41.970760544	303	4	1
-87.7415671065	41.970760544	782	5	1
-87.7385429441	41.970760544	348	6	1
-87.7355187816	41.970760544	241	7	1
-87.7324946191	41.970760544	409	8	1
-87.7294704567	41.970760544	475	9	1
-87.7264462942	41.970760544	647	10	1
-87.7234221318	41.970760544	590	11	1
-87.7203979693	41.970760544	806	12	1
-87.7173738069	41.970760544	768	13	1
-87.7143496444	41.970760544	755	14	1
-87.711325482	41.970760544	677	15	1
-87.7083013195	41.970760544	1024	16	1
-87.7052771571	41.970760544	1381	17	1
-87.7022529946	41.970760544	242	18	1
-87.6992288322	41.970760544	398	19	1
-87.6962046697	41.970760544	954	20	1
-87.6931805072	41.970760544	702	21	1
-87.6901563448	41.970760544	370	22	1
-87.6871321823	41.970760544	670	23	1
-87.6841080199	41.970760544	805	24	1
-87.6810838574	41.970760544	662	25	1
-87.678059695	41.970760544	1239	26	1
-87.6750355325	41.970760544	633	27	1
-87.6720113701	41.970760544	882	28	1
-87.6689872076	41.970760544	575	29	1
-87.6659630452	41.970760544	280	30	1
-87.6629388827	41.970760544	294	31	1
-87.6599147203	41.970760544	226	32	1
-87.6568905578	41.970760544	2069	33	1
-87.6538663953	41.970760544	988	34	1
-87.6508422329	41.970760544	439	35	1
-87.6478180704	41.970760544	0	36	1
-87.644793908	41.970760544	0	37	1
-87.6417697455	41.970760544	0	38	1
-87.6387455831	41.970760544	0	39	1
-87.6357214206	41.970760544	0	40	1
-87.7566879188	41.96851224	143	0	2
-87.7536637563	41.96851224	298	1	2
-87.7506395939	41.96851224	306	2	2
-87.7476154314	41.96851224	176	3	2
-87.744591269	41.96851224	238	4	2
-87.7415671065	41.96851224	375	5	2
-87.7385429441	41.96851224	618	6	2
-87.7355187816	41.96851224	547	7	2
-87.7324946191	41.96851224	717	8	2
-87.7294704567	41.96851224	363	9	2
-87.7264462942	41.96851224	1191	10	2
-87.7234221318	41.96851224	1175	11	2
-87.7203979693	41.96851224	862	12	2
-87.7173738069	41.96851224	1004	13	2
-87.7143496444	41.96851224	591	14	2
-87.711325482	41.96851224	771	15	2
-87.7083013195	41.96851224	989	16	2
-87.7052771571	41.96851224	1022	17	2
-87.7022529946	41.96851224	81	18	2
-87.6992288322	41.96851224	310	19	2
-87.6962046697	41.96851224	891	20	2
-87.6931805072	41.96851224	678	21	2
-87.6901563448	41.96851224	696	22	2
-87.6871321823	41.96851224	126	23	2
-87.6841080199	41.96851224	559	24	2
-87.6810838574	41.96851224	420	25	2
-87.678059695	41.96851224	374	26	2
-87.6750355325	41.96851224	97	27	2
-87.6720113701	41.96851224	482	28	2
-87.6689872076	41.96851224	142	29	2
-87.6659630452	41.96851224	628	30	2
-87.6629388827	41.96851224	1011	31	2
-87.6599147203	41.96851224	488	32	2
-87.6568905578	41.96851224	573	33	2
-87.6538663953	41.96851224	1388	34	2
-87.6508422329	41.96851224	1770	35	2
-87.6478180704	41.96851224	1	36	2
-87.644793908	41.96851224	0	37	2
-87.6417697455	41.96851224	0	38	2
-87.6387455831	41.96851224	0	39	2
-87.6357214206	41.96851224	0	40	2
-87.7566879188	41.9662639359	634	0	3
-87.7536637563	41.9662639359	230	1	3
-87.7506395939	41.9662639359	304	2	3
-87.7476154314	41.9662639359	0	3	3
-87.744591269	41.9662639359	618	4	3
-87.7415671065	41.9662639359	511	5	3
-87.7385429441	41.9662639359	411	6	3
-87.7355187816	41.9662639359	651	7	3
-87.7324946191	41.9662639359	445	8	3
-87.7294704567	41.9662639359	504	9	3
-87.7264462942	41.9662639359	930	10	3
-87.7234221318	41.9662639359	906	11	3
-87.7203979693	41.9662639359	1732	12	3
-87.7173738069	41.9662639359	2168	13	3
-87.7143496444	41.9662639359	593	14	3
-87.711325482	41.9662639359	1280	15	3
-87.7083013195	41.9662639359	848	16	3
-87.7052771571	41.9662639359	1369	17	3
-87.7022529946	41.9662639359	290	18	3
-87.6992288322	41.9662639359	196	19	3
-87.6962046697	41.9662639359	424	20	3
-87.6931805072	41.9662639359	325	21	3
-87.6901563448	41.9662639359	340	22	3
-87.6871321823	41.9662639359	400	23	3
-87.6841080199	41.9662639359	708	24	3
-87.6810838574	41.9662639359	398	25	3
-87.678059695	41.9662639359	550	26	3
-87.6750355325	41.9662639359	193	27	3
-87.6720113701	41.9662639359	590	28	3
-87.6689872076	41.9662639359	471	29	3
-87.6659630452	41.9662639359	410	30	3
-87.6629388827	41.9662639359	987	31	3
-87.6599147203	41.9662639359	967	32	3
-87.6568905578	41.9662639359	669	33	3
-87.6538663953	41.9662639359	1701	34	3
-87.6508422329	41.9662639359	1031	35	3
-87.6478180704	41.9662639359	0	36	3
-87.644793908	41.9662639359	0	37	3
-87.6417697455	41.9662639359	0	38	3
-87.6387455831	41.9662639359	0	39	3
-87.6357214206	41.9662639359	0	40	3
-87.7566879188	41.9640156319	517	0	4
-87.7536637563	41.9640156319	275	1	4
-87.7506395939	41.9640156319	129	2	4
-87.7476154314	41.9640156319	0	3	4
-87.744591269	41.9640156319	92	4	4
-87.7415671065	41.9640156319	252	5	4
-87.7385429441	41.9640156319	295	6	4
-87.7355187816	41.9640156319	422	7	4
-87.7324946191	41.9640156319	466	8	4
-87.7294704567	41.9640156319	731	9	4
-87.7264462942	41.9640156319	451	10	4
-87.7234221318	41.9640156319	184	11	4
-87.7203979693	41.9640156319	617	12	4
-87.7173738069	41.9640156319	1100	13	4
-87.7143496444	41.9640156319	492	14	4
-87.711325482	41.9640156319	1257	15	4
-87.7083013195	41.9640156319	700	16	4
-87.7052771571	41.9640156319	775	17	4
-87.7022529946	41.9640156319	254	18	4
-87.6992288322	41.9640156319	243	19	4
-87.6962046697	41.9640156319	441	20	4
-87.6931805072	41.9640156319	381	21	4
-87.6901563448	41.9640156319	350	22	4
-87.6871321823	41.9640156319	481	23	4
-87.6841080199	41.9640156319	398	24	4
-87.6810838574	41.9640156319	307	25	4
-87.678059695	41.9640156319	306	26	4
-87.6750355325	41.9640156319	420	27	4
-87.6720113701	41.9640156319	475	28	4
-87.6689872076	41.9640156319	444	29	4
-87.6659630452	41.9640156319	441	30	4
-87.6629388827	41.9640156319	886	31	4
-87.6599147203	41.9640156319	484	32	4
-87.6568905578	41.9640156319	17	33	4
-87.6538663953	41.9640156319	1576	34	4
-87.6508422329	41.9640156319	2454	35	4
-87.6478180704	41.9640156319	2	36	4
-87.644793908	41.9640156319	0	37	4
-87.6417697455	41.9640156319	0	38	4
-87.6387455831	41.9640156319	0	39	4
-87.6357214206	41.9640156319	0	40	4
-87.7566879188	41.9617673279	1209	0	5
-87.7536637563	41.9617673279	505	1	5
-87.7506395939	41.9617673279	280	2	5
-87.7476154314	41.9617673279	192	3	5
-87.744591269	41.9617673279	68	4	5
-87.7415671065	41.9617673279	179	5	5
-87.7385429441	41.9617673279	198	6	5
-87.7355187816	41.9617673279	289	7	5
-87.7324946191	41.9617673279	304	8	5
-87.7294704567	41.9617673279	429	9	5
-87.7264462942	41.9617673279	505	10	5
-87.7234221318	41.9617673279	479	11	5
-87.7203979693	41.9617673279	1085	12	5
-87.7173738069	41.9617673279	1054	13	5
-87.7143496444	41.9617673279	853	14	5
-87.711325482	41.9617673279	519	15	5
-87.7083013195	41.9617673279	493	16	5
-87.7052771571	41.9617673279	711	17	5
-87.7022529946	41.9617673279	321	18	5
-87.6992288322	41.9617673279	583	19	5
-87.6962046697	41.9617673279	174	20	5
-87.6931805072	41.9617673279	325	21	5
-87.6901563448	41.9617673279	513	22	5
-87.6871321823	41.9617673279	152	23	5
-87.6841080199	41.9617673279	228	24	5
-87.6810838574	41.9617673279	527	25	5
-87.678059695	41.9617673279	577	26	5
-87.6750355325	41.9617673279	453	27	5
-87.6720113701	41.9617673279	327	28	5
-87.6689872076	41.9617673279	1270	29	5
-87.6659630452	41.9617673279	577	30	5
-87.6629388827	41.9617673279	593	31	5
-87.6599147203	41.9617673279	705	32	5
-87.6568905578	41.9617673279	0	33	5
-87.6538663953	41.9617673279	1188	34	5
-87.6508422329	41.9617673279	801	35	5
-87.6478180704	41.9617673279	1037	36	5
-87.644793908	41.9617673279	3	37	5
-87.6417697455	41.9617673279	0	38	5
-87.6387455831	41.9617673279	0	39	5
-87.6357214206	41.9617673279	0	40	5
-87.7566879188	41.9595190239	1540	0	6
-87.7536637563	41.9595190239	437	1	6
-87.7506395939	41.9595190239	297	2	6
-87.7476154314	41.9595190239	357	3	6
-87.744591269	41.9595190239	9	4	6
-87.7415671065	41.9595190239	111	5	6
-87.7385429441	41.9595190239	185	6	6
-87.7355187816	41.9595190239	191	7	6
-87.7324946191	41.9595190239	405	8	6
-87.7294704567	41.9595190239	709	9	6
-87.7264462942	41.9595190239	343	10	6
-87.7234221318	41.9595190239	356	11	6
-87.7203979693	41.9595190239	465	12	6
-87.7173738069	41.9595190239	572	13	6
-87.7143496444	41.9595190239	441	14	6
-87.711325482	41.9595190239	1151	15	6
-87.7083013195	41.9595190239	865	16	6
-87.7052771571	41.9595190239	1268	17	6
-87.7022529946	41.9595190239	1036	18	6
-87.6992288322	41.9595190239	667	19	6
-87.6962046697	41.9595190239	0	20	6
-87.6931805072	41.9595190239	145	21	6
-87.6901563448	41.9595190239	473	22	6
-87.6871321823	41.9595190239	424	23	6
-87.6841080199	41.9595190239	498	24	6
-87.6810838574	41.9595190239	391	25	6
-87.678059695	41.9595190239	853	26	6
-87.6750355325	41.9595190239	448	27	6
-87.6720113701	41.9595190239	309	28	6
-87.6689872076	41.9595190239	614	29	6
-87.6659630452	41.9595190239	341	30	6
-87.6629388827	41.9595190239	0	31	6
-87.6599147203	41.9595190239	0	32	6
-87.6568905578	41.9595190239	703	33	6
-87.6538663953	41.9595190239	1285	34	6
-87.6508422329	41.9595190239	173	35	6
-87.6478180704	41.9595190239	1494	36	6
-87.644793908	41.9595190239	0	37	6
-87.6417697455	41.9595190239	0	38	6
-87.6387455831	41.9595190239	0	39	6
-87.6357214206	41.9595190239	0	40	6
-87.7566879188	41.9572707199	868	0	7
-87.7536637563	41.9572707199	282	1	7
-87.7506395939	41.9572707199	594	2	7
-87.7476154314	41.9572707199	277	3	7
-87.744591269	41.9572707199	15	4	7
-87.7415671065	41.9572707199	193	5	7
-87.7385429441	41.9572707199	0	6	7
-87.7355187816	41.9572707199	202	7	7
-87.7324946191	41.9572707199	698	8	7
-87.7294704567	41.9572707199	1210	9	7
-87.7264462942	41.9572707199	392	10	7
-87.7234221318	41.9572707199	556	11	7
-87.7203979693	41.9572707199	801	12	7
-87.7173738069	41.9572707199	1000	13	7
-87.7143496444	41.9572707199	1292	14	7
-87.711325482	41.9572707199	627	15	7
-87.7083013195	41.9572707199	590	16	7
-87.7052771571	41.9572707199	596	17	7
-87.7022529946	41.9572707199	511	18	7
-87.6992288322	41.9572707199	565	19	7
-87.6962046697	41.9572707199	0	20	7
-87.6931805072	41.9572707199	605	21	7
-87.6901563448	41.9572707199	549	22	7
-87.6871321823	41.9572707199	508	23	7
-87.6841080199	41.9572707199	577	24	7
-87.6810838574	41.9572707199	513	25	7
-87.678059695	41.9572707199	589	26	7
-87.6750355325	41.9572707199	198	27	7
-87.6720113701	41.9572707199	208	28	7
-87.6689872076	41.9572707199	436	29	7
-87.6659630452	41.9572707199	532	30	7
-87.6629388827	41.9572707199	11	31	7
-87.6599147203	41.9572707199	0	32	7
-87.6568905578	41.9572707199	994	33	7
-87.6538663953	41.9572707199	1532	34	7
-87.6508422329	41.9572707199	1842	35	7
-87.6478180704	41.9572707199	1407	36	7
-87.644793908	41.9572707199	0	37	7
-87.6417697455	41.9572707199	0	38	7
-87.6387455831	41.9572707199	0	39	7
-87.6357214206	41.9572707199	0	40	7
-87.7566879188	41.9550224159	821	0	8
-87.7536637563	41.9550224159	389	1	8
-87.7506395939	41.9550224159	595	2	8
-87.7476154314	41.9550224159	533	3	8
-87.744591269	41.9550224159	0	4	8
-87.7415671065	41.9550224159	464	5	8
-87.7385429441	41.9550224159	436	6	8
-87.7355187816	41.9550224159	264	7	8
-87.7324946191	41.9550224159	42	8	8
-87.7294704567	41.9550224159	721	9	8
-87.7264462942	41.9550224159	258	10	8
-87.7234221318	41.9550224159	491	11	8
-87.7203979693	41.9550224159	220	12	8
-87.7173738069	41.9550224159	546	13	8
-87.7143496444	41.9550224159	640	14	8
-87.711325482	41.9550224159	720	15	8
-87.7083013195	41.9550224159	355	16	8
-87.7052771571	41.9550224159	499	17	8
-87.7022529946	41.9550224159	500	18	8
-87.6992288322	41.9550224159	546	19	8
-87.6962046697	41.9550224159	0	20	8
-87.6931805072	41.9550224159	106	21	8
-87.6901563448	41.9550224159	378	22	8
-87.6871321823	41.9550224159	388	23	8
-87.6841080199	41.9550224159	156	24	8
-87.6810838574	41.9550224159	506	25	8
-87.678059695	41.9550224159	464	26	8
-87.6750355325	41.9550224159	309	27	8
-87.6720113701	41.9550224159	430	28	8
-87.6689872076	41.9550224159	449	29	8
-87.6659630452	41.9550224159	775	30	8
-87.6629388827	41.9550224159	240	31	8
-87.6599147203	41.9550224159	0	32	8
-87.6568905578	41.9550224159	36	33	8
-87.6538663953	41.9550224159	96	34	8
-87.6508422329	41.9550224159	265	35	8
-87.6478180704	41.9550224159	1281	36	8
-87.644793908	41.9550224159	1087	37	8
-87.6417697455	41.9550224159	0	38	8
-87.6387455831	41.9550224159	0	39	8
-87.6357214206	41.9550224159	0	40	8
-87.7566879188	41.9527741119	811	0	9
-87.7536637563	41.9527741119	326	1	9
-87.7506395939	41.9527741119	159	2	9
-87.7476154314	41.9527741119	423	3	9
-87.744591269	41.9527741119	34	4	9
-87.7415671065	41.9527741119	185	5	9
-87.7385429441	41.9527741119	374	6	9
-87.7355187816	41.9527741119	275	7	9
-87.7324946191	41.9527741119	323	8	9
-87.7294704567	41.9527741119	76	9	9
-87.7264462942	41.9527741119	273	10	9
-87.7234221318	41.9527741119	73	11	9
-87.7203979693	41.9527741119	223	12	9
-87.7173738069	41.9527741119	228	13	9
-87.7143496444	41.9527741119	485	14	9
-87.711325482	41.9527741119	461	15	9
-87.7083013195	41.9527741119	490	16	9
-87.7052771571	41.9527741119	393	17	9
-87.7022529946	41.9527741119	385	18	9
-87.6992288322	41.9527741119	324	19	9
-87.6962046697	41.9527741119	66	20	9
-87.6931805072	41.9527741119	0	21	9
-87.6901563448	41.9527741119	226	22	9
-87.6871321823	41.9527741119	332	23	9
-87.6841080199	41.9527741119	275	24	9
-87.6810838574	41.9527741119	355	25	9
-87.678059695	41.9527741119	364	26	9
-87.6750355325	41.9527741119	313	27	9
-87.6720113701	41.9527741119	463	28	9
-87.6689872076	41.9527741119	425	29	9
-87.6659630452	41.9527741119	769	30	9
-87.6629388827	41.9527741119	947	31	9
-87.6599147203	41.9527741119	310	32	9
-87.6568905578	41.9527741119	728	33	9
-87.6538663953	41.9527741119	790	34	9
-87.6508422329	41.9527741119	666	35	9
-87.6478180704	41.9527741119	3318	36	9
-87.644793908	41.9527741119	434	37	9
-87.6417697455	41.9527741119	0	38	9
-87.6387455831	41.9527741119	0	39	9
-87.6357214206	41.9527741119	0	40	9
-87.7566879188	41.9505258078	1221	0	10
-87.7536637563	41.9505258078	438	1	10
-87.7506395939	41.9505258078	451	2	10
-87.7476154314	41.9505258078	436	3	10
-87.744591269	41.9505258078	506	4	10
-87.7415671065	41.9505258078	151	5	10
-87.7385429441	41.9505258078	240	6	10
-87.7355187816	41.9505258078	129	7	10
-87.7324946191	41.9505258078	191	8	10
-87.7294704567	41.9505258078	193	9	10
-87.7264462942	41.9505258078	171	10	10
-87.7234221318	41.9505258078	181	11	10
-87.7203979693	41.9505258078	385	12	10
-87.7173738069	41.9505258078	431	13	10
-87.7143496444	41.9505258078	386	14	10
-87.711325482	41.9505258078	575	15	10
-87.7083013195	41.9505258078	493	16	10
-87.7052771571	41.9505258078	582	17	10
-87.7022529946	41.9505258078	485	18	10
-87.6992288322	41.9505258078	646	19	10
-87.6962046697	41.9505258078	72	20	10
-87.6931805072	41.9505258078	151	21	10
-87.6901563448	41.9505258078	138	22	10
-87.6871321823	41.9505258078	458	23	10
-87.6841080199	41.9505258078	789	24	10
-87.6810838574	41.9505258078	628	25	10
-87.678059695	41.9505258078	476	26	10
-87.6750355325	41.9505258078	130	27	10
-87.6720113701	41.9505258078	870	28	10
-87.6689872076	41.9505258078	861	29	10
-87.6659630452	41.9505258078	911	30	10
-87.6629388827	41.9505258078	593	31	10
-87.6599147203	41.9505258078	664	32	10
-87.6568905578	41.9505258078	470	33	10
-87.6538663953	41.9505258078	910	34	10
-87.6508422329	41.9505258078	1475	35	10
-87.6478180704	41.9505258078	461	36	10
-87.644793908	41.9505258078	1155	37	10
-87.6417697455	41.9505258078	0	38	10
-87.6387455831	41.9505258078	0	39	10
-87.6357214206	41.9505258078	0	40	10
-87.7566879188	41.9482775038	1112	0	11
-87.7536637563	41.9482775038	424	1	11
-87.7506395939	41.9482775038	423	2	11
-87.7476154314	41.9482775038	504	3	11
-87.744591269	41.9482775038	767	4	11
-87.7415671065	41.9482775038	2	5	11
-87.7385429441	41.9482775038	310	6	11
-87.7355187816	41.9482775038	274	7	11
-87.7324946191	41.9482775038	372	8	11
-87.7294704567	41.9482775038	270	9	11
-87.7264462942	41.9482775038	388	10	11
-87.7234221318	41.9482775038	127	11	11
-87.7203979693	41.9482775038	197	12	11
-87.7173738069	41.9482775038	530	13	11
-87.7143496444	41.9482775038	778	14	11
-87.711325482	41.9482775038	566	15	11
-87.7083013195	41.9482775038	719	16	11
-87.7052771571	41.9482775038	999	17	11
-87.7022529946	41.9482775038	847	18	11
-87.6992288322	41.9482775038	176	19	11
-87.6962046697	41.9482775038	0	20	11
-87.6931805072	41.9482775038	100	21	11
-87.6901563448	41.9482775038	124	22	11
-87.6871321823	41.9482775038	270	23	11
-87.6841080199	41.9482775038	290	24	11
-87.6810838574	41.9482775038	568	25	11
-87.678059695	41.9482775038	642	26	11
-87.6750355325	41.9482775038	269	27	11
-87.6720113701	41.9482775038	439	28	11
-87.6689872076	41.9482775038	464	29	11
-87.6659630452	41.9482775038	479	30	11
-87.6629388827	41.9482775038	350	31	11
-87.6599147203	41.9482775038	656	32	11
-87.6568905578	41.9482775038	329	33	11
-87.6538663953	41.9482775038	303	34	11
-87.6508422329	41.9482775038	254	35	11
-87.6478180704	41.9482775038	1556	36	11
-87.644793908	41.9482775038	2849	37	11
-87.6417697455	41.9482775038	0	38	11
-87.6387455831	41.9482775038	0	39	11
-87.6357214206	41.9482775038	0	40	11
-87.7566879188	41.9460291998	1041	0	12
-87.7536637563	41.9460291998	528	1	12
-87.7506395939	41.9460291998	461	2	12
-87.7476154314	41.9460291998	237	3	12
-87.744591269	41.9460291998	568	4	12
-87.7415671065	41.9460291998	107	5	12
-87.7385429441	41.9460291998	64	6	12
-87.7355187816	41.9460291998	297	7	12
-87.7324946191	41.9460291998	330	8	12
-87.7294704567	41.9460291998	460	9	12
-87.7264462942	41.9460291998	259	10	12
-87.7234221318	41.9460291998	251	11	12
-87.7203979693	41.9460291998	492	12	12
-87.7173738069	41.9460291998	0	13	12
-87.7143496444	41.9460291998	0	14	12
-87.711325482	41.9460291998	55	15	12
-87.7083013195	41.9460291998	56	16	12
-87.7052771571	41.9460291998	556	17	12
-87.7022529946	41.9460291998	232	18	12
-87.6992288322	41.9460291998	47	19	12
-87.6962046697	41.9460291998	0	20	12
-87.6931805072	41.9460291998	0	21	12
-87.6901563448	41.9460291998	73	22	12
-87.6871321823	41.9460291998	410	23	12
-87.6841080199	41.9460291998	578	24	12
-87.6810838574	41.9460291998	442	25	12
-87.678059695	41.9460291998	686	26	12
-87.6750355325	41.9460291998	314	27	12
-87.6720113701	41.9460291998	346	28	12
-87.6689872076	41.9460291998	397	29	12
-87.6659630452	41.9460291998	432	30	12
-87.6629388827	41.9460291998	751	31	12
-87.6599147203	41.9460291998	794	32	12
-87.6568905578	41.9460291998	406	33	12
-87.6538663953	41.9460291998	850	34	12
-87.6508422329	41.9460291998	1078	35	12
-87.6478180704	41.9460291998	505	36	12
-87.644793908	41.9460291998	2014	37	12
-87.6417697455	41.9460291998	842	38	12
-87.6387455831	41.9460291998	0	39	12
-87.6357214206	41.9460291998	0	40	12
-87.7566879188	41.9437808958	1094	0	13
-87.7536637563	41.9437808958	934	1	13
-87.7506395939	41.9437808958	949	2	13
-87.7476154314	41.9437808958	253	3	13
-87.744591269	41.9437808958	365	4	13
-87.7415671065	41.9437808958	272	5	13
-87.7385429441	41.9437808958	164	6	13
-87.7355187816	41.9437808958	434	7	13
-87.7324946191	41.9437808958	366	8	13
-87.7294704567	41.9437808958	517	9	13
-87.7264462942	41.9437808958	547	10	13
-87.7234221318	41.9437808958	518	11	13
-87.7203979693	41.9437808958	665	12	13
-87.7173738069	41.9437808958	314	13	13
-87.7143496444	41.9437808958	0	14	13
-87.711325482	41.9437808958	0	15	13
-87.7083013195	41.9437808958	182	16	13
-87.7052771571	41.9437808958	324	17	13
-87.7022529946	41.9437808958	55	18	13
-87.6992288322	41.9437808958	0	19	13
-87.6962046697	41.9437808958	0	20	13
-87.6931805072	41.9437808958	103	21	13
-87.6901563448	41.9437808958	0	22	13
-87.6871321823	41.9437808958	350	23	13
-87.6841080199	41.9437808958	661	24	13
-87.6810838574	41.9437808958	458	25	13
-87.678059695	41.9437808958	716	26	13
-87.6750355325	41.9437808958	494	27	13
-87.6720113701	41.9437808958	473	28	13
-87.6689872076	41.9437808958	562	29	13
-87.6659630452	41.9437808958	835	30	13
-87.6629388827	41.9437808958	581	31	13
-87.6599147203	41.9437808958	610	32	13
-87.6568905578	41.9437808958	701	33	13
-87.6538663953	41.9437808958	283	34	13
-87.6508422329	41.9437808958	1067	35	13
-87.6478180704	41.9437808958	1336	36	13
-87.644793908	41.9437808958	485	37	13
-87.6417697455	41.9437808958	2146	38	13
-87.6387455831	41.9437808958	0	39	13
-87.6357214206	41.9437808958	0	40	13
-87.7566879188	41.9415325918	1408	0	14
-87.7536637563	41.9415325918	677	1	14
-87.7506395939	41.9415325918	418	2	14
-87.7476154314	41.9415325918	530	3	14
-87.744591269	41.9415325918	350	4	14
-87.7415671065	41.9415325918	61	5	14
-87.7385429441	41.9415325918	496	6	14
-87.7355187816	41.9415325918	408	7	14
-87.7324946191	41.9415325918	705	8	14
-87.7294704567	41.9415325918	543	9	14
-87.7264462942	41.9415325918	518	10	14
-87.7234221318	41.9415325918	724	11	14
-87.7203979693	41.9415325918	548	12	14
-87.7173738069	41.9415325918	883	13	14
-87.7143496444	41.9415325918	146	14	14
-87.711325482	41.9415325918	0	15	14
-87.7083013195	41.9415325918	91	16	14
-87.7052771571	41.9415325918	955	17	14
-87.7022529946	41.9415325918	496	18	14
-87.6992288322	41.9415325918	383	19	14
-87.6962046697	41.9415325918	389	20	14
-87.6931805072	41.9415325918	0	21	14
-87.6901563448	41.9415325918	0	22	14
-87.6871321823	41.9415325918	401	23	14
-87.6841080199	41.9415325918	689	24	14
-87.6810838574	41.9415325918	614	25	14
-87.678059695	41.9415325918	723	26	14
-87.6750355325	41.9415325918	421	27	14
-87.6720113701	41.9415325918	587	28	14
-87.6689872076	41.9415325918	646	29	14
-87.6659630452	41.9415325918	604	30	14
-87.6629388827	41.9415325918	614	31	14
-87.6599147203	41.9415325918	670	32	14
-87.6568905578	41.9415325918	1066	33	14
-87.6538663953	41.9415325918	813	34	14
-87.6508422329	41.9415325918	1104	35	14
-87.6478180704	41.9415325918	1098	36	14
-87.644793908	41.9415325918	211	37	14
-87.6417697455	41.9415325918	2553	38	14
-87.6387455831	41.9415325918	706	39	14
-87.6357214206	41.9415325918	0	40	14
-87.7566879188	41.9392842878	1220	0	15
-87.7536637563	41.9392842878	55	1	15
-87.7506395939	41.9392842878	349	2	15
-87.7476154314	41.9392842878	410	3	15
-87.744591269	41.9392842878	440	4	15
-87.7415671065	41.9392842878	270	5	15
-87.7385429441	41.9392842878	410	6	15
-87.7355187816	41.9392842878	235	7	15
-87.7324946191	41.9392842878	656	8	15
-87.7294704567	41.9392842878	598	9	15
-87.7264462942	41.9392842878	487	10	15
-87.7234221318	41.9392842878	287	11	15
-87.7203979693	41.9392842878	949	12	15
-87.7173738069	41.9392842878	454	13	15
-87.7143496444	41.9392842878	582	14	15
-87.711325482	41.9392842878	414	15	15
-87.7083013195	41.9392842878	269	16	15
-87.7052771571	41.9392842878	49	17	15
-87.7022529946	41.9392842878	563	18	15
-87.6992288322	41.9392842878	490	19	15
-87.6962046697	41.9392842878	452	20	15
-87.6931805072	41.9392842878	79	21	15
-87.6901563448	41.9392842878	53	22	15
-87.6871321823	41.9392842878	270	23	15
-87.6841080199	41.9392842878	442	24	15
-87.6810838574	41.9392842878	716	25	15
-87.678059695	41.9392842878	938	26	15
-87.6750355325	41.9392842878	341	27	15
-87.6720113701	41.9392842878	551	28	15
-87.6689872076	41.9392842878	462	29	15
-87.6659630452	41.9392842878	584	30	15
-87.6629388827	41.9392842878	740	31	15
-87.6599147203	41.9392842878	598	32	15
-87.6568905578	41.9392842878	712	33	15
-87.6538663953	41.9392842878	652	34	15
-87.6508422329	41.9392842878	434	35	15
-87.6478180704	41.9392842878	1243	36	15
-87.644793908	41.9392842878	691	37	15
-87.6417697455	41.9392842878	1764	38	15
-87.6387455831	41.9392842878	2151	39	15
-87.6357214206	41.9392842878	0	40	15
-87.7566879188	41.9370359838	1666	0	16
-87.7536637563	41.9370359838	474	1	16
-87.7506395939	41.9370359838	498	2	16
-87.7476154314	41.9370359838	622	3	16
-87.744591269	41.9370359838	1418	4	16
-87.7415671065	41.9370359838	424	5	16
-87.7385429441	41.9370359838	801	6	16
-87.7355187816	41.9370359838	496	7	16
-87.7324946191	41.9370359838	782	8	16
-87.7294704567	41.9370359838	411	9	16
-87.7264462942	41.9370359838	464	10	16
-87.7234221318	41.9370359838	1299	11	16
-87.7203979693	41.9370359838	711	12	16
-87.7173738069	41.9370359838	1196	13	16
-87.7143496444	41.9370359838	1473	14	16
-87.711325482	41.9370359838	609	15	16
-87.7083013195	41.9370359838	566	16	16
-87.7052771571	41.9370359838	467	17	16
-87.7022529946	41.9370359838	484	18	16
-87.6992288322	41.9370359838	639	19	16
-87.6962046697	41.9370359838	518	20	16
-87.6931805072	41.9370359838	44	21	16
-87.6901563448	41.9370359838	2	22	16
-87.6871321823	41.9370359838	261	23	16
-87.6841080199	41.9370359838	566	24	16
-87.6810838574	41.9370359838	326	25	16
-87.678059695	41.9370359838	468	26	16
-87.6750355325	41.9370359838	307	27	16
-87.6720113701	41.9370359838	453	28	16
-87.6689872076	41.9370359838	327	29	16
-87.6659630452	41.9370359838	663	30	16
-87.6629388827	41.9370359838	532	31	16
-87.6599147203	41.9370359838	645	32	16
-87.6568905578	41.9370359838	766	33	16
-87.6538663953	41.9370359838	341	34	16
-87.6508422329	41.9370359838	538	35	16
-87.6478180704	41.9370359838	239	36	16
-87.644793908	41.9370359838	1272	37	16
-87.6417697455	41.9370359838	2010	38	16
-87.6387455831	41.9370359838	1298	39	16
-87.6357214206	41.9370359838	0	40	16
-87.7566879188	41.9347876797	1678	0	17
-87.7536637563	41.9347876797	578	1	17
-87.7506395939	41.9347876797	308	2	17
-87.7476154314	41.9347876797	484	3	17
-87.744591269	41.9347876797	574	4	17
-87.7415671065	41.9347876797	474	5	17
-87.7385429441	41.9347876797	478	6	17
-87.7355187816	41.9347876797	562	7	17
-87.7324946191	41.9347876797	310	8	17
-87.7294704567	41.9347876797	966	9	17
-87.7264462942	41.9347876797	409	10	17
-87.7234221318	41.9347876797	926	11	17
-87.7203979693	41.9347876797	1240	12	17
-87.7173738069	41.9347876797	197	13	17
-87.7143496444	41.9347876797	960	14	17
-87.711325482	41.9347876797	645	15	17
-87.7083013195	41.9347876797	578	16	17
-87.7052771571	41.9347876797	583	17	17
-87.7022529946	41.9347876797	607	18	17
-87.6992288322	41.9347876797	63	19	17
-87.6962046697	41.9347876797	421	20	17
-87.6931805072	41.9347876797	526	21	17
-87.6901563448	41.9347876797	81	22	17
-87.6871321823	41.9347876797	331	23	17
-87.6841080199	41.9347876797	106	24	17
-87.6810838574	41.9347876797	643	25	17
-87.678059695	41.9347876797	683	26	17
-87.6750355325	41.9347876797	611	27	17
-87.6720113701	41.9347876797	538	28	17
-87.6689872076	41.9347876797	161	29	17
-87.6659630452	41.9347876797	601	30	17
-87.6629388827	41.9347876797	570	31	17
-87.6599147203	41.9347876797	677	32	17
-87.6568905578	41.9347876797	621	33	17
-87.6538663953	41.9347876797	996	34	17
-87.6508422329	41.9347876797	675	35	17
-87.6478180704	41.9347876797	979	36	17
-87.644793908	41.9347876797	796	37	17
-87.6417697455	41.9347876797	2631	38	17
-87.6387455831	41.9347876797	1207	39	17
-87.6357214206	41.9347876797	0	40	17
-87.7566879188	41.9325393757	1237	0	18
-87.7536637563	41.9325393757	403	1	18
-87.7506395939	41.9325393757	532	2	18
-87.7476154314	41.9325393757	478	3	18
-87.744591269	41.9325393757	259	4	18
-87.7415671065	41.9325393757	130	5	18
-87.7385429441	41.9325393757	492	6	18
-87.7355187816	41.9325393757	511	7	18
-87.7324946191	41.9325393757	42	8	18
-87.7294704567	41.9325393757	0	9	18
-87.7264462942	41.9325393757	351	10	18
-87.7234221318	41.9325393757	808	11	18
-87.7203979693	41.9325393757	934	12	18
-87.7173738069	41.9325393757	871	13	18
-87.7143496444	41.9325393757	468	14	18
-87.711325482	41.9325393757	699	15	18
-87.7083013195	41.9325393757	994	16	18
-87.7052771571	41.9325393757	707	17	18
-87.7022529946	41.9325393757	471	18	18
-87.6992288322	41.9325393757	509	19	18
-87.6962046697	41.9325393757	37	20	18
-87.6931805072	41.9325393757	588	21	18
-87.6901563448	41.9325393757	589	22	18
-87.6871321823	41.9325393757	403	23	18
-87.6841080199	41.9325393757	148	24	18
-87.6810838574	41.9325393757	0	25	18
-87.678059695	41.9325393757	352	26	18
-87.6750355325	41.9325393757	268	27	18
-87.6720113701	41.9325393757	181	28	18
-87.6689872076	41.9325393757	198	29	18
-87.6659630452	41.9325393757	515	30	18
-87.6629388827	41.9325393757	410	31	18
-87.6599147203	41.9325393757	630	32	18
-87.6568905578	41.9325393757	806	33	18
-87.6538663953	41.9325393757	405	34	18
-87.6508422329	41.9325393757	861	35	18
-87.6478180704	41.9325393757	427	36	18
-87.644793908	41.9325393757	671	37	18
-87.6417697455	41.9325393757	1500	38	18
-87.6387455831	41.9325393757	926	39	18
-87.6357214206	41.9325393757	773	40	18
-87.7566879188	41.9302910717	1022	0	19
-87.7536637563	41.9302910717	941	1	19
-87.7506395939	41.9302910717	500	2	19
-87.7476154314	41.9302910717	364	3	19
-87.744591269	41.9302910717	522	4	19
-87.7415671065	41.9302910717	542	5	19
-87.7385429441	41.9302910717	157	6	19
-87.7355187816	41.9302910717	777	7	19
-87.7324946191	41.9302910717	4	8	19
-87.7294704567	41.9302910717	50	9	19
-87.7264462942	41.9302910717	353	10	19
-87.7234221318	41.9302910717	678	11	19
-87.7203979693	41.9302910717	950	12	19
-87.7173738069	41.9302910717	877	13	19
-87.7143496444	41.9302910717	769	14	19
-87.711325482	41.9302910717	912	15	19
-87.7083013195	41.9302910717	670	16	19
-87.7052771571	41.9302910717	664	17	19
-87.7022529946	41.9302910717	742	18	19
-87.6992288322	41.9302910717	605	19	19
-87.6962046697	41.9302910717	455	20	19
-87.6931805072	41.9302910717	149	21	19
-87.6901563448	41.9302910717	508	22	19
-87.6871321823	41.9302910717	102	23	19
-87.6841080199	41.9302910717	0	24	19
-87.6810838574	41.9302910717	117	25	19
-87.678059695	41.9302910717	197	26	19
-87.6750355325	41.9302910717	232	27	19
-87.6720113701	41.9302910717	977	28	19
-87.6689872076	41.9302910717	711	29	19
-87.6659630452	41.9302910717	1151	30	19
-87.6629388827	41.9302910717	623	31	19
-87.6599147203	41.9302910717	400	32	19
-87.6568905578	41.9302910717	464	33	19
-87.6538663953	41.9302910717	729	34	19
-87.6508422329	41.9302910717	698	35	19
-87.6478180704	41.9302910717	747	36	19
-87.644793908	41.9302910717	910	37	19
-87.6417697455	41.9302910717	1376	38	19
-87.6387455831	41.9302910717	1746	39	19
-87.6357214206	41.9302910717	0	40	19
-87.7566879188	41.9280427677	1485	0	20
-87.7536637563	41.9280427677	1092	1	20
-87.7506395939	41.9280427677	590	2	20
-87.7476154314	41.9280427677	455	3	20
-87.744591269	41.9280427677	241	4	20
-87.7415671065	41.9280427677	872	5	20
-87.7385429441	41.9280427677	414	6	20
-87.7355187816	41.9280427677	327	7	20
-87.7324946191	41.9280427677	115	8	20
-87.7294704567	41.9280427677	0	9	20
-87.7264462942	41.9280427677	412	10	20
-87.7234221318	41.9280427677	809	11	20
-87.7203979693	41.9280427677	945	12	20
-87.7173738069	41.9280427677	734	13	20
-87.7143496444	41.9280427677	557	14	20
-87.711325482	41.9280427677	571	15	20
-87.7083013195	41.9280427677	753	16	20
-87.7052771571	41.9280427677	502	17	20
-87.7022529946	41.9280427677	384	18	20
-87.6992288322	41.9280427677	551	19	20
-87.6962046697	41.9280427677	455	20	20
-87.6931805072	41.9280427677	551	21	20
-87.6901563448	41.9280427677	287	22	20
-87.6871321823	41.9280427677	103	23	20
-87.6841080199	41.9280427677	0	24	20
-87.6810838574	41.9280427677	0	25	20
-87.678059695	41.9280427677	0	26	20
-87.6750355325	41.9280427677	99	27	20
-87.6720113701	41.9280427677	344	28	20
-87.6689872076	41.9280427677	384	29	20
-87.6659630452	41.9280427677	439	30	20
-87.6629388827	41.9280427677	476	31	20
-87.6599147203	41.9280427677	444	32	20
-87.6568905578	41.9280427677	613	33	20
-87.6538663953	41.9280427677	496	34	20
-87.6508422329	41.9280427677	727	35	20
-87.6478180704	41.9280427677	499	36	20
-87.644793908	41.9280427677	1287	37	20
-87.6417697455	41.9280427677	1498	38	20
-87.6387455831	41.9280427677	0	39	20
-87.6357214206	41.9280427677	0	40	20
-87.7566879188	41.9257944637	1817	0	21
-87.7536637563	41.9257944637	1397	1	21
-87.7506395939	41.9257944637	528	2	21
-87.7476154314	41.9257944637	309	3	21
-87.744591269	41.9257944637	438	4	21
-87.7415671065	41.9257944637	659	5	21
-87.7385429441	41.9257944637	480	6	21
-87.7355187816	41.9257944637	672	7	21
-87.7324946191	41.9257944637	705	8	21
-87.7294704567	41.9257944637	0	9	21
-87.7264462942	41.9257944637	274	10	21
-87.7234221318	41.9257944637	522	11	21
-87.7203979693	41.9257944637	599	12	21
-87.7173738069	41.9257944637	633	13	21
-87.7143496444	41.9257944637	420	14	21
-87.711325482	41.9257944637	377	15	21
-87.7083013195	41.9257944637	456	16	21
-87.7052771571	41.9257944637	742	17	21
-87.7022529946	41.9257944637	120	18	21
-87.6992288322	41.9257944637	438	19	21
-87.6962046697	41.9257944637	372	20	21
-87.6931805072	41.9257944637	348	21	21
-87.6901563448	41.9257944637	370	22	21
-87.6871321823	41.9257944637	348	23	21
-87.6841080199	41.9257944637	28	24	21
-87.6810838574	41.9257944637	21	25	21
-87.678059695	41.9257944637	5	26	21
-87.6750355325	41.9257944637	0	27	21
-87.6720113701	41.9257944637	230	28	21
-87.6689872076	41.9257944637	300	29	21
-87.6659630452	41.9257944637	465	30	21
-87.6629388827	41.9257944637	865	31	21
-87.6599147203	41.9257944637	776	32	21
-87.6568905578	41.9257944637	412	33	21
-87.6538663953	41.9257944637	545	34	21
-87.6508422329	41.9257944637	638	35	21
-87.6478180704	41.9257944637	310	36	21
-87.644793908	41.9257944637	435	37	21
-87.6417697455	41.9257944637	1141	38	21
-87.6387455831	41.9257944637	1427	39	21
-87.6357214206	41.9257944637	418	40	21
-87.7566879188	41.9235461597	905	0	22
-87.7536637563	41.9235461597	750	1	22
-87.7506395939	41.9235461597	434	2	22
-87.7476154314	41.9235461597	239	3	22
-87.744591269	41.9235461597	430	4	22
-87.7415671065	41.9235461597	153	5	22
-87.7385429441	41.9235461597	408	6	22
-87.7355187816	41.9235461597	753	7	22
-87.7324946191	41.9235461597	820	8	22
-87.7294704567	41.9235461597	477	9	22
-87.7264462942	41.9235461597	288	10	22
-87.7234221318	41.9235461597	741	11	22
-87.7203979693	41.9235461597	613	12	22
-87.7173738069	41.9235461597	579	13	22
-87.7143496444	41.9235461597	617	14	22
-87.711325482	41.9235461597	632	15	22
-87.7083013195	41.9235461597	342	16	22
-87.7052771571	41.9235461597	943	17	22
-87.7022529946	41.9235461597	341	18	22
-87.6992288322	41.9235461597	780	19	22
-87.6962046697	41.9235461597	336	20	22
-87.6931805072	41.9235461597	796	21	22
-87.6901563448	41.9235461597	542	22	22
-87.6871321823	41.9235461597	480	23	22
-87.6841080199	41.9235461597	604	24	22
-87.6810838574	41.9235461597	304	25	22
-87.678059695	41.9235461597	163	26	22
-87.6750355325	41.9235461597	169	27	22
-87.6720113701	41.9235461597	0	28	22
-87.6689872076	41.9235461597	361	29	22
-87.6659630452	41.9235461597	409	30	22
-87.6629388827	41.9235461597	669	31	22
-87.6599147203	41.9235461597	583	32	22
-87.6568905578	41.9235461597	1506	33	22
-87.6538663953	41.9235461597	847	34	22
-87.6508422329	41.9235461597	792	35	22
-87.6478180704	41.9235461597	655	36	22
-87.644793908	41.9235461597	644	37	22
-87.6417697455	41.9235461597	1463	38	22
-87.6387455831	41.9235461597	818	39	22
-87.6357214206	41.9235461597	0	40	22
-87.7566879188	41.9212978557	1168	0	23
-87.7536637563	41.9212978557	564	1	23
-87.7506395939	41.9212978557	669	2	23
-87.7476154314	41.9212978557	579	3	23
-87.744591269	41.9212978557	483	4	23
-87.7415671065	41.9212978557	245	5	23
-87.7385429441	41.9212978557	453	6	23
-87.7355187816	41.9212978557	787	7	23
-87.7324946191	41.9212978557	645	8	23
-87.7294704567	41.9212978557	703	9	23
-87.7264462942	41.9212978557	206	10	23
-87.7234221318	41.9212978557	625	11	23
-87.7203979693	41.9212978557	846	12	23
-87.7173738069	41.9212978557	1320	13	23
-87.7143496444	41.9212978557	722	14	23
-87.711325482	41.9212978557	693	15	23
-87.7083013195	41.9212978557	971	16	23
-87.7052771571	41.9212978557	632	17	23
-87.7022529946	41.9212978557	66	18	23
-87.6992288322	41.9212978557	1121	19	23
-87.6962046697	41.9212978557	323	20	23
-87.6931805072	41.9212978557	415	21	23
-87.6901563448	41.9212978557	797	22	23
-87.6871321823	41.9212978557	536	23	23
-87.6841080199	41.9212978557	606	24	23
-87.6810838574	41.9212978557	548	25	23
-87.678059695	41.9212978557	406	26	23
-87.6750355325	41.9212978557	124	27	23
-87.6720113701	41.9212978557	0	28	23
-87.6689872076	41.9212978557	0	29	23
-87.6659630452	41.9212978557	110	30	23
-87.6629388827	41.9212978557	193	31	23
-87.6599147203	41.9212978557	469	32	23
-87.6568905578	41.9212978557	543	33	23
-87.6538663953	41.9212978557	717	34	23
-87.6508422329	41.9212978557	594	35	23
-87.6478180704	41.9212978557	136	36	23
-87.644793908	41.9212978557	186	37	23
-87.6417697455	41.9212978557	611	38	23
-87.6387455831	41.9212978557	745	39	23
-87.6357214206	41.9212978557	751	40	23
-87.7566879188	41.9190495516	2143	0	24
-87.7536637563	41.9190495516	784	1	24
-87.7506395939	41.9190495516	1099	2	24
-87.7476154314	41.9190495516	705	3	24
-87.744591269	41.9190495516	825	4	24
-87.7415671065	41.9190495516	279	5	24
-87.7385429441	41.9190495516	831	6	24
-87.7355187816	41.9190495516	991	7	24
-87.7324946191	41.9190495516	1080	8	24
-87.7294704567	41.9190495516	1238	9	24
-87.7264462942	41.9190495516	676	10	24
-87.7234221318	41.9190495516	1029	11	24
-87.7203979693	41.9190495516	613	12	24
-87.7173738069	41.9190495516	1272	13	24
-87.7143496444	41.9190495516	552	14	24
-87.711325482	41.9190495516	1061	15	24
-87.7083013195	41.9190495516	724	16	24
-87.7052771571	41.9190495516	452	17	24
-87.7022529946	41.9190495516	467	18	24
-87.6992288322	41.9190495516	675	19	24
-87.6962046697	41.9190495516	776	20	24
-87.6931805072	41.9190495516	742	21	24
-87.6901563448	41.9190495516	563	22	24
-87.6871321823	41.9190495516	602	23	24
-87.6841080199	41.9190495516	466	24	24
-87.6810838574	41.9190495516	706	25	24
-87.678059695	41.9190495516	555	26	24
-87.6750355325	41.9190495516	478	27	24
-87.6720113701	41.9190495516	76	28	24
-87.6689872076	41.9190495516	2	29	24
-87.6659630452	41.9190495516	0	30	24
-87.6629388827	41.9190495516	1	31	24
-87.6599147203	41.9190495516	218	32	24
-87.6568905578	41.9190495516	517	33	24
-87.6538663953	41.9190495516	653	34	24
-87.6508422329	41.9190495516	474	35	24
-87.6478180704	41.9190495516	262	36	24
-87.644793908	41.9190495516	427	37	24
-87.6417697455	41.9190495516	625	38	24
-87.6387455831	41.9190495516	536	39	24
-87.6357214206	41.9190495516	964	40	24
-87.7566879188	41.9168012476	87	0	25
-87.7536637563	41.9168012476	361	1	25
-87.7506395939	41.9168012476	121	2	25
-87.7476154314	41.9168012476	628	3	25
-87.744591269	41.9168012476	121	4	25
-87.7415671065	41.9168012476	156	5	25
-87.7385429441	41.9168012476	317	6	25
-87.7355187816	41.9168012476	917	7	25
-87.7324946191	41.9168012476	653	8	25
-87.7294704567	41.9168012476	751	9	25
-87.7264462942	41.9168012476	678	10	25
-87.7234221318	41.9168012476	78	11	25
-87.7203979693	41.9168012476	522	12	25
-87.7173738069	41.9168012476	614	13	25
-87.7143496444	41.9168012476	386	14	25
-87.711325482	41.9168012476	715	15	25
-87.7083013195	41.9168012476	640	16	25
-87.7052771571	41.9168012476	612	17	25
-87.7022529946	41.9168012476	480	18	25
-87.6992288322	41.9168012476	607	19	25
-87.6962046697	41.9168012476	876	20	25
-87.6931805072	41.9168012476	395	21	25
-87.6901563448	41.9168012476	248	22	25
-87.6871321823	41.9168012476	516	23	25
-87.6841080199	41.9168012476	380	24	25
-87.6810838574	41.9168012476	559	25	25
-87.678059695	41.9168012476	591	26	25
-87.6750355325	41.9168012476	474	27	25
-87.6720113701	41.9168012476	282	28	25
-87.6689872076	41.9168012476	54	29	25
-87.6659630452	41.9168012476	0	30	25
-87.6629388827	41.9168012476	0	31	25
-87.6599147203	41.9168012476	7	32	25
-87.6568905578	41.9168012476	364	33	25
-87.6538663953	41.9168012476	813	34	25
-87.6508422329	41.9168012476	596	35	25
-87.6478180704	41.9168012476	830	36	25
-87.644793908	41.9168012476	775	37	25
-87.6417697455	41.9168012476	668	38	25
-87.6387455831	41.9168012476	752	39	25
-87.6357214206	41.9168012476	1344	40	25
-87.7566879188	41.9145529436	319	0	26
-87.7536637563	41.9145529436	12	1	26
-87.7506395939	41.9145529436	79	2	26
-87.7476154314	41.9145529436	157	3	26
-87.744591269	41.9145529436	15	4	26
-87.7415671065	41.9145529436	4	5	26
-87.7385429441	41.9145529436	0	6	26
-87.7355187816	41.9145529436	295	7	26
-87.7324946191	41.9145529436	567	8	26
-87.7294704567	41.9145529436	596	9	26
-87.7264462942	41.9145529436	586	10	26
-87.7234221318	41.9145529436	119	11	26
-87.7203979693	41.9145529436	141	12	26
-87.7173738069	41.9145529436	557	13	26
-87.7143496444	41.9145529436	496	14	26
-87.711325482	41.9145529436	659	15	26
-87.7083013195	41.9145529436	403	16	26
-87.7052771571	41.9145529436	410	17	26
-87.7022529946	41.9145529436	375	18	26
-87.6992288322	41.9145529436	467	19	26
-87.6962046697	41.9145529436	540	20	26
-87.6931805072	41.9145529436	451	21	26
-87.6901563448	41.9145529436	687	22	26
-87.6871321823	41.9145529436	793	23	26
-87.6841080199	41.9145529436	413	24	26
-87.6810838574	41.9145529436	353	25	26
-87.678059695	41.9145529436	660	26	26
-87.6750355325	41.9145529436	396	27	26
-87.6720113701	41.9145529436	336	28	26
-87.6689872076	41.9145529436	555	29	26
-87.6659630452	41.9145529436	7	30	26
-87.6629388827	41.9145529436	0	31	26
-87.6599147203	41.9145529436	0	32	26
-87.6568905578	41.9145529436	78	33	26
-87.6538663953	41.9145529436	288	34	26
-87.6508422329	41.9145529436	521	35	26
-87.6478180704	41.9145529436	129	36	26
-87.644793908	41.9145529436	51	37	26
-87.6417697455	41.9145529436	967	38	26
-87.6387455831	41.9145529436	592	39	26
-87.6357214206	41.9145529436	771	40	26
-87.7566879188	41.9123046396	1101	0	27
-87.7536637563	41.9123046396	593	1	27
-87.7506395939	41.9123046396	492	2	27
-87.7476154314	41.9123046396	516	3	27
-87.744591269	41.9123046396	178	4	27
-87.7415671065	41.9123046396	0	5	27
-87.7385429441	41.9123046396	0	6	27
-87.7355187816	41.9123046396	0	7	27
-87.7324946191	41.9123046396	328	8	27
-87.7294704567	41.9123046396	923	9	27
-87.7264462942	41.9123046396	711	10	27
-87.7234221318	41.9123046396	320	11	27
-87.7203979693	41.9123046396	216	12	27
-87.7173738069	41.9123046396	640	13	27
-87.7143496444	41.9123046396	927	14	27
-87.711325482	41.9123046396	816	15	27
-87.7083013195	41.9123046396	1066	16	27
-87.7052771571	41.9123046396	830	17	27
-87.7022529946	41.9123046396	747	18	27
-87.6992288322	41.9123046396	1076	19	27
-87.6962046697	41.9123046396	666	20	27
-87.6931805072	41.9123046396	920	21	27
-87.6901563448	41.9123046396	985	22	27
-87.6871321823	41.9123046396	626	23	27
-87.6841080199	41.9123046396	1106	24	27
-87.6810838574	41.9123046396	282	25	27
-87.678059695	41.9123046396	399	26	27
-87.6750355325	41.9123046396	742	27	27
-87.6720113701	41.9123046396	736	28	27
-87.6689872076	41.9123046396	314	29	27
-87.6659630452	41.9123046396	203	30	27
-87.6629388827	41.9123046396	18	31	27
-87.6599147203	41.9123046396	0	32	27
-87.6568905578	41.9123046396	0	33	27
-87.6538663953	41.9123046396	74	34	27
-87.6508422329	41.9123046396	388	35	27
-87.6478180704	41.9123046396	548	36	27
-87.644793908	41.9123046396	882	37	27
-87.6417697455	41.9123046396	676	38	27
-87.6387455831	41.9123046396	694	39	27
-87.6357214206	41.9123046396	851	40	27
-87.7566879188	41.9100563356	948	0	28
-87.7536637563	41.9100563356	500	1	28
-87.7506395939	41.9100563356	336	2	28
-87.7476154314	41.9100563356	264	3	28
-87.744591269	41.9100563356	233	4	28
-87.7415671065	41.9100563356	26	5	28
-87.7385429441	41.9100563356	55	6	28
-87.7355187816	41.9100563356	201	7	28
-87.7324946191	41.9100563356	690	8	28
-87.7294704567	41.9100563356	974	9	28
-87.7264462942	41.9100563356	379	10	28
-87.7234221318	41.9100563356	715	11	28
-87.7203979693	41.9100563356	350	12	28
-87.7173738069	41.9100563356	500	13	28
-87.7143496444	41.9100563356	448	14	28
-87.711325482	41.9100563356	139	15	28
-87.7083013195	41.9100563356	474	16	28
-87.7052771571	41.9100563356	208	17	28
-87.7022529946	41.9100563356	93	18	28
-87.6992288322	41.9100563356	115	19	28
-87.6962046697	41.9100563356	358	20	28
-87.6931805072	41.9100563356	683	21	28
-87.6901563448	41.9100563356	514	22	28
-87.6871321823	41.9100563356	431	23	28
-87.6841080199	41.9100563356	531	24	28
-87.6810838574	41.9100563356	374	25	28
-87.678059695	41.9100563356	521	26	28
-87.6750355325	41.9100563356	484	27	28
-87.6720113701	41.9100563356	604	28	28
-87.6689872076	41.9100563356	627	29	28
-87.6659630452	41.9100563356	510	30	28
-87.6629388827	41.9100563356	35	31	28
-87.6599147203	41.9100563356	27	32	28
-87.6568905578	41.9100563356	0	33	28
-87.6538663953	41.9100563356	0	34	28
-87.6508422329	41.9100563356	164	35	28
-87.6478180704	41.9100563356	91	36	28
-87.644793908	41.9100563356	331	37	28
-87.6417697455	41.9100563356	600	38	28
-87.6387455831	41.9100563356	834	39	28
-87.6357214206	41.9100563356	688	40	28
-87.7566879188	41.9078080316	1650	0	29
-87.7536637563	41.9078080316	628	1	29
-87.7506395939	41.9078080316	286	2	29
-87.7476154314	41.9078080316	43	3	29
-87.744591269	41.9078080316	271	4	29
-87.7415671065	41.9078080316	0	5	29
-87.7385429441	41.9078080316	0	6	29
-87.7355187816	41.9078080316	1040	7	29
-87.7324946191	41.9078080316	659	8	29
-87.7294704567	41.9078080316	553	9	29
-87.7264462942	41.9078080316	601	10	29
-87.7234221318	41.9078080316	1307	11	29
-87.7203979693	41.9078080316	773	12	29
-87.7173738069	41.9078080316	709	13	29
-87.7143496444	41.9078080316	1371	14	29
-87.711325482	41.9078080316	647	15	29
-87.7083013195	41.9078080316	662	16	29
-87.7052771571	41.9078080316	0	17	29
-87.7022529946	41.9078080316	0	18	29
-87.6992288322	41.9078080316	0	19	29
-87.6962046697	41.9078080316	518	20	29
-87.6931805072	41.9078080316	491	21	29
-87.6901563448	41.9078080316	770	22	29
-87.6871321823	41.9078080316	231	23	29
-87.6841080199	41.9078080316	384	24	29
-87.6810838574	41.9078080316	723	25	29
-87.678059695	41.9078080316	547	26	29
-87.6750355325	41.9078080316	342	27	29
-87.6720113701	41.9078080316	674	28	29
-87.6689872076	41.9078080316	757	29	29
-87.6659630452	41.9078080316	712	30	29
-87.6629388827	41.9078080316	321	31	29
-87.6599147203	41.9078080316	11	32	29
-87.6568905578	41.9078080316	0	33	29
-87.6538663953	41.9078080316	0	34	29
-87.6508422329	41.9078080316	2	35	29
-87.6478180704	41.9078080316	140	36	29
-87.644793908	41.9078080316	28	37	29
-87.6417697455	41.9078080316	1083	38	29
-87.6387455831	41.9078080316	1696	39	29
-87.6357214206	41.9078080316	395	40	29
-87.7566879188	41.9055597275	936	0	30
-87.7536637563	41.9055597275	0	1	30
-87.7506395939	41.9055597275	309	2	30
-87.7476154314	41.9055597275	209	3	30
-87.744591269	41.9055597275	0	4	30
-87.7415671065	41.9055597275	0	5	30
-87.7385429441	41.9055597275	0	6	30
-87.7355187816	41.9055597275	534	7	30
-87.7324946191	41.9055597275	696	8	30
-87.7294704567	41.9055597275	643	9	30
-87.7264462942	41.9055597275	647	10	30
-87.7234221318	41.9055597275	523	11	30
-87.7203979693	41.9055597275	597	12	30
-87.7173738069	41.9055597275	324	13	30
-87.7143496444	41.9055597275	982	14	30
-87.711325482	41.9055597275	637	15	30
-87.7083013195	41.9055597275	573	16	30
-87.7052771571	41.9055597275	0	17	30
-87.7022529946	41.9055597275	0	18	30
-87.6992288322	41.9055597275	7	19	30
-87.6962046697	41.9055597275	590	20	30
-87.6931805072	41.9055597275	800	21	30
-87.6901563448	41.9055597275	510	22	30
-87.6871321823	41.9055597275	597	23	30
-87.6841080199	41.9055597275	374	24	30
-87.6810838574	41.9055597275	689	25	30
-87.678059695	41.9055597275	615	26	30
-87.6750355325	41.9055597275	754	27	30
-87.6720113701	41.9055597275	325	28	30
-87.6689872076	41.9055597275	108	29	30
-87.6659630452	41.9055597275	1238	30	30
-87.6629388827	41.9055597275	613	31	30
-87.6599147203	41.9055597275	1	32	30
-87.6568905578	41.9055597275	0	33	30
-87.6538663953	41.9055597275	0	34	30
-87.6508422329	41.9055597275	0	35	30
-87.6478180704	41.9055597275	59	36	30
-87.644793908	41.9055597275	87	37	30
-87.6417697455	41.9055597275	194	38	30
-87.6387455831	41.9055597275	572	39	30
-87.6357214206	41.9055597275	627	40	30
-87.7566879188	41.9033114235	917	0	31
-87.7536637563	41.9033114235	224	1	31
-87.7506395939	41.9033114235	718	2	31
-87.7476154314	41.9033114235	388	3	31
-87.744591269	41.9033114235	0	4	31
-87.7415671065	41.9033114235	0	5	31
-87.7385429441	41.9033114235	0	6	31
-87.7355187816	41.9033114235	345	7	31
-87.7324946191	41.9033114235	657	8	31
-87.7294704567	41.9033114235	335	9	31
-87.7264462942	41.9033114235	687	10	31
-87.7234221318	41.9033114235	671	11	31
-87.7203979693	41.9033114235	469	12	31
-87.7173738069	41.9033114235	135	13	31
-87.7143496444	41.9033114235	0	14	31
-87.711325482	41.9033114235	592	15	31
-87.7083013195	41.9033114235	675	16	31
-87.7052771571	41.9033114235	0	17	31
-87.7022529946	41.9033114235	57	18	31
-87.6992288322	41.9033114235	39	19	31
-87.6962046697	41.9033114235	554	20	31
-87.6931805072	41.9033114235	729	21	31
-87.6901563448	41.9033114235	714	22	31
-87.6871321823	41.9033114235	330	23	31
-87.6841080199	41.9033114235	0	24	31
-87.6810838574	41.9033114235	627	25	31
-87.678059695	41.9033114235	458	26	31
-87.6750355325	41.9033114235	703	27	31
-87.6720113701	41.9033114235	681	28	31
-87.6689872076	41.9033114235	383	29	31
-87.6659630452	41.9033114235	401	30	31
-87.6629388827	41.9033114235	750	31	31
-87.6599147203	41.9033114235	0	32	31
-87.6568905578	41.9033114235	0	33	31
-87.6538663953	41.9033114235	0	34	31
-87.6508422329	41.9033114235	0	35	31
-87.6478180704	41.9033114235	0	36	31
-87.644793908	41.9033114235	539	37	31
-87.6417697455	41.9033114235	419	38	31
-87.6387455831	41.9033114235	385	39	31
-87.6357214206	41.9033114235	670	40	31
-87.7566879188	41.9010631195	597	0	32
-87.7536637563	41.9010631195	532	1	32
-87.7506395939	41.9010631195	507	2	32
-87.7476154314	41.9010631195	288	3	32
-87.744591269	41.9010631195	0	4	32
-87.7415671065	41.9010631195	0	5	32
-87.7385429441	41.9010631195	482	6	32
-87.7355187816	41.9010631195	312	7	32
-87.7324946191	41.9010631195	314	8	32
-87.7294704567	41.9010631195	595	9	32
-87.7264462942	41.9010631195	473	10	32
-87.7234221318	41.9010631195	1015	11	32
-87.7203979693	41.9010631195	1042	12	32
-87.7173738069	41.9010631195	927	13	32
-87.7143496444	41.9010631195	560	14	32
-87.711325482	41.9010631195	271	15	32
-87.7083013195	41.9010631195	588	16	32
-87.7052771571	41.9010631195	0	17	32
-87.7022529946	41.9010631195	82	18	32
-87.6992288322	41.9010631195	299	19	32
-87.6962046697	41.9010631195	655	20	32
-87.6931805072	41.9010631195	796	21	32
-87.6901563448	41.9010631195	640	22	32
-87.6871321823	41.9010631195	944	23	32
-87.6841080199	41.9010631195	404	24	32
-87.6810838574	41.9010631195	482	25	32
-87.678059695	41.9010631195	685	26	32
-87.6750355325	41.9010631195	816	27	32
-87.6720113701	41.9010631195	915	28	32
-87.6689872076	41.9010631195	920	29	32
-87.6659630452	41.9010631195	781	30	32
-87.6629388827	41.9010631195	750	31	32
-87.6599147203	41.9010631195	23	32	32
-87.6568905578	41.9010631195	29	33	32
-87.6538663953	41.9010631195	0	34	32
-87.6508422329	41.9010631195	0	35	32
-87.6478180704	41.9010631195	0	36	32
-87.644793908	41.9010631195	274	37	32
-87.6417697455	41.9010631195	35	38	32
-87.6387455831	41.9010631195	260	39	32
-87.6357214206	41.9010631195	18	40	32
-87.7566879188	41.8988148155	528	0	33
-87.7536637563	41.8988148155	751	1	33
-87.7506395939	41.8988148155	874	2	33
-87.7476154314	41.8988148155	486	3	33
-87.744591269	41.8988148155	6	4	33
-87.7415671065	41.8988148155	0	5	33
-87.7385429441	41.8988148155	412	6	33
-87.7355187816	41.8988148155	548	7	33
-87.7324946191	41.8988148155	442	8	33
-87.7294704567	41.8988148155	920	9	33
-87.7264462942	41.8988148155	763	10	33
-87.7234221318	41.8988148155	513	11	33
-87.7203979693	41.8988148155	647	12	33
-87.7173738069	41.8988148155	532	13	33
-87.7143496444	41.8988148155	547	14	33
-87.711325482	41.8988148155	297	15	33
-87.7083013195	41.8988148155	264	16	33
-87.7052771571	41.8988148155	318	17	33
-87.7022529946	41.8988148155	363	18	33
-87.6992288322	41.8988148155	799	19	33
-87.6962046697	41.8988148155	704	20	33
-87.6931805072	41.8988148155	836	21	33
-87.6901563448	41.8988148155	773	22	33
-87.6871321823	41.8988148155	1071	23	33
-87.6841080199	41.8988148155	550	24	33
-87.6810838574	41.8988148155	520	25	33
-87.678059695	41.8988148155	698	26	33
-87.6750355325	41.8988148155	696	27	33
-87.6720113701	41.8988148155	831	28	33
-87.6689872076	41.8988148155	737	29	33
-87.6659630452	41.8988148155	875	30	33
-87.6629388827	41.8988148155	710	31	33
-87.6599147203	41.8988148155	105	32	33
-87.6568905578	41.8988148155	398	33	33
-87.6538663953	41.8988148155	255	34	33
-87.6508422329	41.8988148155	49	35	33
-87.6478180704	41.8988148155	24	36	33
-87.644793908	41.8988148155	912	37	33
-87.6417697455	41.8988148155	427	38	33
-87.6387455831	41.8988148155	101	39	33
-87.6357214206	41.8988148155	372	40	33
-87.7566879188	41.8965665115	1320	0	34
-87.7536637563	41.8965665115	541	1	34
-87.7506395939	41.8965665115	619	2	34
-87.7476154314	41.8965665115	349	3	34
-87.744591269	41.8965665115	52	4	34
-87.7415671065	41.8965665115	0	5	34
-87.7385429441	41.8965665115	243	6	34
-87.7355187816	41.8965665115	350	7	34
-87.7324946191	41.8965665115	405	8	34
-87.7294704567	41.8965665115	454	9	34
-87.7264462942	41.8965665115	305	10	34
-87.7234221318	41.8965665115	346	11	34
-87.7203979693	41.8965665115	279	12	34
-87.7173738069	41.8965665115	432	13	34
-87.7143496444	41.8965665115	300	14	34
-87.711325482	41.8965665115	330	15	34
-87.7083013195	41.8965665115	0	16	34
-87.7052771571	41.8965665115	0	17	34
-87.7022529946	41.8965665115	231	18	34
-87.6992288322	41.8965665115	651	19	34
-87.6962046697	41.8965665115	703	20	34
-87.6931805072	41.8965665115	667	21	34
-87.6901563448	41.8965665115	612	22	34
-87.6871321823	41.8965665115	526	23	34
-87.6841080199	41.8965665115	577	24	34
-87.6810838574	41.8965665115	560	25	34
-87.678059695	41.8965665115	629	26	34
-87.6750355325	41.8965665115	478	27	34
-87.6720113701	41.8965665115	634	28	34
-87.6689872076	41.8965665115	294	29	34
-87.6659630452	41.8965665115	495	30	34
-87.6629388827	41.8965665115	865	31	34
-87.6599147203	41.8965665115	301	32	34
-87.6568905578	41.8965665115	269	33	34
-87.6538663953	41.8965665115	75	34	34
-87.6508422329	41.8965665115	46	35	34
-87.6478180704	41.8965665115	70	36	34
-87.644793908	41.8965665115	358	37	34
-87.6417697455	41.8965665115	603	38	34
-87.6387455831	41.8965665115	219	39	34
-87.6357214206	41.8965665115	170	40	34
-87.7566879188	41.8943182075	722	0	35
-87.7536637563	41.8943182075	275	1	35
-87.7506395939	41.8943182075	637	2	35
-87.7476154314	41.8943182075	222	3	35
-87.744591269	41.8943182075	220	4	35
-87.7415671065	41.8943182075	43	5	35
-87.7385429441	41.8943182075	0	6	35
-87.7355187816	41.8943182075	0	7	35
-87.7324946191	41.8943182075	0	8	35
-87.7294704567	41.8943182075	0	9	35
-87.7264462942	41.8943182075	75	10	35
-87.7234221318	41.8943182075	308	11	35
-87.7203979693	41.8943182075	476	12	35
-87.7173738069	41.8943182075	386	13	35
-87.7143496444	41.8943182075	309	14	35
-87.711325482	41.8943182075	418	15	35
-87.7083013195	41.8943182075	378	16	35
-87.7052771571	41.8943182075	229	17	35
-87.7022529946	41.8943182075	0	18	35
-87.6992288322	41.8943182075	2	19	35
-87.6962046697	41.8943182075	27	20	35
-87.6931805072	41.8943182075	382	21	35
-87.6901563448	41.8943182075	234	22	35
-87.6871321823	41.8943182075	313	23	35
-87.6841080199	41.8943182075	755	24	35
-87.6810838574	41.8943182075	541	25	35
-87.678059695	41.8943182075	552	26	35
-87.6750355325	41.8943182075	628	27	35
-87.6720113701	41.8943182075	1260	28	35
-87.6689872076	41.8943182075	467	29	35
-87.6659630452	41.8943182075	679	30	35
-87.6629388827	41.8943182075	635	31	35
-87.6599147203	41.8943182075	1034	32	35
-87.6568905578	41.8943182075	483	33	35
-87.6538663953	41.8943182075	120	34	35
-87.6508422329	41.8943182075	817	35	35
-87.6478180704	41.8943182075	80	36	35
-87.644793908	41.8943182075	265	37	35
-87.6417697455	41.8943182075	1218	38	35
-87.6387455831	41.8943182075	1220	39	35
-87.6357214206	41.8943182075	396	40	35
-87.7566879188	41.8920699035	880	0	36
-87.7536637563	41.8920699035	248	1	36
-87.7506395939	41.8920699035	885	2	36
-87.7476154314	41.8920699035	171	3	36
-87.744591269	41.8920699035	219	4	36
-87.7415671065	41.8920699035	164	5	36
-87.7385429441	41.8920699035	0	6	36
-87.7355187816	41.8920699035	0	7	36
-87.7324946191	41.8920699035	0	8	36
-87.7294704567	41.8920699035	0	9	36
-87.7264462942	41.8920699035	72	10	36
-87.7234221318	41.8920699035	333	11	36
-87.7203979693	41.8920699035	345	12	36
-87.7173738069	41.8920699035	524	13	36
-87.7143496444	41.8920699035	630	14	36
-87.711325482	41.8920699035	535	15	36
-87.7083013195	41.8920699035	278	16	36
-87.7052771571	41.8920699035	689	17	36
-87.7022529946	41.8920699035	55	18	36
-87.6992288322	41.8920699035	0	19	36
-87.6962046697	41.8920699035	0	20	36
-87.6931805072	41.8920699035	86	21	36
-87.6901563448	41.8920699035	0	22	36
-87.6871321823	41.8920699035	371	23	36
-87.6841080199	41.8920699035	529	24	36
-87.6810838574	41.8920699035	539	25	36
-87.678059695	41.8920699035	470	26	36
-87.6750355325	41.8920699035	408	27	36
-87.6720113701	41.8920699035	717	28	36
-87.6689872076	41.8920699035	507	29	36
-87.6659630452	41.8920699035	515	30	36
-87.6629388827	41.8920699035	649	31	36
-87.6599147203	41.8920699035	526	32	36
-87.6568905578	41.8920699035	483	33	36
-87.6538663953	41.8920699035	16	34	36
-87.6508422329	41.8920699035	190	35	36
-87.6478180704	41.8920699035	411	36	36
-87.644793908	41.8920699035	180	37	36
-87.6417697455	41.8920699035	195	38	36
-87.6387455831	41.8920699035	661	39	36
-87.6357214206	41.8920699035	980	40	36
-87.7566879188	41.8898215994	755	0	37
-87.7536637563	41.8898215994	442	1	37
-87.7506395939	41.8898215994	529	2	37
-87.7476154314	41.8898215994	216	3	37
-87.744591269	41.8898215994	167	4	37
-87.7415671065	41.8898215994	0	5	37
-87.7385429441	41.8898215994	0	6	37
-87.7355187816	41.8898215994	0	7	37
-87.7324946191	41.8898215994	0	8	37
-87.7294704567	41.8898215994	0	9	37
-87.7264462942	41.8898215994	60	10	37
-87.7234221318	41.8898215994	560	11	37
-87.7203979693	41.8898215994	491	12	37
-87.7173738069	41.8898215994	244	13	37
-87.7143496444	41.8898215994	721	14	37
-87.711325482	41.8898215994	129	15	37
-87.7083013195	41.8898215994	0	16	37
-87.7052771571	41.8898215994	148	17	37
-87.7022529946	41.8898215994	0	18	37
-87.6992288322	41.8898215994	0	19	37
-87.6962046697	41.8898215994	0	20	37
-87.6931805072	41.8898215994	0	21	37
-87.6901563448	41.8898215994	0	22	37
-87.6871321823	41.8898215994	68	23	37
-87.6841080199	41.8898215994	104	24	37
-87.6810838574	41.8898215994	17	25	37
-87.678059695	41.8898215994	23	26	37
-87.6750355325	41.8898215994	43	27	37
-87.6720113701	41.8898215994	66	28	37
-87.6689872076	41.8898215994	64	29	37
-87.6659630452	41.8898215994	18	30	37
-87.6629388827	41.8898215994	282	31	37
-87.6599147203	41.8898215994	177	32	37
-87.6568905578	41.8898215994	306	33	37
-87.6538663953	41.8898215994	190	34	37
-87.6508422329	41.8898215994	90	35	37
-87.6478180704	41.8898215994	225	36	37
-87.644793908	41.8898215994	33	37	37
-87.6417697455	41.8898215994	545	38	37
-87.6387455831	41.8898215994	496	39	37
-87.6357214206	41.8898215994	310	40	37
-87.7566879188	41.8875732954	324	0	38
-87.7536637563	41.8875732954	297	1	38
-87.7506395939	41.8875732954	338	2	38
-87.7476154314	41.8875732954	86	3	38
-87.744591269	41.8875732954	7	4	38
-87.7415671065	41.8875732954	0	5	38
-87.7385429441	41.8875732954	0	6	38
-87.7355187816	41.8875732954	53	7	38
-87.7324946191	41.8875732954	70	8	38
-87.7294704567	41.8875732954	62	9	38
-87.7264462942	41.8875732954	118	10	38
-87.7234221318	41.8875732954	109	11	38
-87.7203979693	41.8875732954	62	12	38
-87.7173738069	41.8875732954	12	13	38
-87.7143496444	41.8875732954	213	14	38
-87.711325482	41.8875732954	229	15	38
-87.7083013195	41.8875732954	439	16	38
-87.7052771571	41.8875732954	72	17	38
-87.7022529946	41.8875732954	21	18	38
-87.6992288322	41.8875732954	205	19	38
-87.6962046697	41.8875732954	58	20	38
-87.6931805072	41.8875732954	0	21	38
-87.6901563448	41.8875732954	0	22	38
-87.6871321823	41.8875732954	0	23	38
-87.6841080199	41.8875732954	9	24	38
-87.6810838574	41.8875732954	0	25	38
-87.678059695	41.8875732954	0	26	38
-87.6750355325	41.8875732954	1	27	38
-87.6720113701	41.8875732954	8	28	38
-87.6689872076	41.8875732954	15	29	38
-87.6659630452	41.8875732954	0	30	38
-87.6629388827	41.8875732954	10	31	38
-87.6599147203	41.8875732954	0	32	38
-87.6568905578	41.8875732954	143	33	38
-87.6538663953	41.8875732954	43	34	38
-87.6508422329	41.8875732954	15	35	38
-87.6478180704	41.8875732954	226	36	38
-87.644793908	41.8875732954	1272	37	38
-87.6417697455	41.8875732954	943	38	38
-87.6387455831	41.8875732954	9	39	38
-87.6357214206	41.8875732954	0	40	38
-87.7566879188	41.8853249914	1115	0	39
-87.7536637563	41.8853249914	497	1	39
-87.7506395939	41.8853249914	261	2	39
-87.7476154314	41.8853249914	312	3	39
-87.744591269	41.8853249914	254	4	39
-87.7415671065	41.8853249914	104	5	39
-87.7385429441	41.8853249914	305	6	39
-87.7355187816	41.8853249914	419	7	39
-87.7324946191	41.8853249914	239	8	39
-87.7294704567	41.8853249914	123	9	39
-87.7264462942	41.8853249914	76	10	39
-87.7234221318	41.8853249914	201	11	39
-87.7203979693	41.8853249914	44	12	39
-87.7173738069	41.8853249914	8	13	39
-87.7143496444	41.8853249914	212	14	39
-87.711325482	41.8853249914	258	15	39
-87.7083013195	41.8853249914	522	16	39
-87.7052771571	41.8853249914	127	17	39
-87.7022529946	41.8853249914	372	18	39
-87.6992288322	41.8853249914	321	19	39
-87.6962046697	41.8853249914	124	20	39
-87.6931805072	41.8853249914	5	21	39
-87.6901563448	41.8853249914	0	22	39
-87.6871321823	41.8853249914	0	23	39
-87.6841080199	41.8853249914	76	24	39
-87.6810838574	41.8853249914	115	25	39
-87.678059695	41.8853249914	347	26	39
-87.6750355325	41.8853249914	51	27	39
-87.6720113701	41.8853249914	251	28	39
-87.6689872076	41.8853249914	410	29	39
-87.6659630452	41.8853249914	0	30	39
-87.6629388827	41.8853249914	0	31	39
-87.6599147203	41.8853249914	0	32	39
-87.6568905578	41.8853249914	45	33	39
-87.6538663953	41.8853249914	137	34	39
-87.6508422329	41.8853249914	152	35	39
-87.6478180704	41.8853249914	48	36	39
-87.644793908	41.8853249914	471	37	39
-87.6417697455	41.8853249914	450	38	39
-87.6387455831	41.8853249914	850	39	39
-87.6357214206	41.8853249914	5	40	39
-87.7566879188	41.8830766874	752	0	40
-87.7536637563	41.8830766874	393	1	40
-87.7506395939	41.8830766874	898	2	40
-87.7476154314	41.8830766874	769	3	40
-87.744591269	41.8830766874	417	4	40
-87.7415671065	41.8830766874	93	5	40
-87.7385429441	41.8830766874	247	6	40
-87.7355187816	41.8830766874	802	7	40
-87.7324946191	41.8830766874	365	8	40
-87.7294704567	41.8830766874	417	9	40
-87.7264462942	41.8830766874	211	10	40
-87.7234221318	41.8830766874	260	11	40
-87.7203979693	41.8830766874	138	12	40
-87.7173738069	41.8830766874	0	13	40
-87.7143496444	41.8830766874	0	14	40
-87.711325482	41.8830766874	86	15	40
-87.7083013195	41.8830766874	953	16	40
-87.7052771571	41.8830766874	215	17	40
-87.7022529946	41.8830766874	236	18	40
-87.6992288322	41.8830766874	171	19	40
-87.6962046697	41.8830766874	470	20	40
-87.6931805072	41.8830766874	293	21	40
-87.6901563448	41.8830766874	228	22	40
-87.6871321823	41.8830766874	264	23	40
-87.6841080199	41.8830766874	646	24	40
-87.6810838574	41.8830766874	335	25	40
-87.678059695	41.8830766874	190	26	40
-87.6750355325	41.8830766874	125	27	40
-87.6720113701	41.8830766874	445	28	40
-87.6689872076	41.8830766874	262	29	40
-87.6659630452	41.8830766874	81	30	40
-87.6629388827	41.8830766874	221	31	40
-87.6599147203	41.8830766874	203	32	40
-87.6568905578	41.8830766874	301	33	40
-87.6538663953	41.8830766874	402	34	40
-87.6508422329	41.8830766874	521	35	40
-87.6478180704	41.8830766874	538	36	40
-87.644793908	41.8830766874	280	37	40
-87.6417697455	41.8830766874	0	38	40
-87.6387455831	41.8830766874	18	39	40
-87.6357214206	41.8830766874	518	40	40
